Status: violated
Adversarial inputs found:
  [-0.091368, -0.491364, -0.009442, 0.241891, 0.269389]
  [-0.09104, -0.487258, -0.011491, 0.272761, 0.28004]
  [-0.158575, -0.498512, -0.003638, 0.208033, 0.224477]
  [-0.15966, -0.498561, -0.003859, 0.208495, 0.224151]
  [-0.153928, -0.49839, -0.003738, 0.196877, 0.228815]
  [-0.154809, -0.498608, -0.003982, 0.206899, 0.229085]
  [-0.154502, -0.498538, -0.003902, 0.203547, 0.227405]
  [-0.158468, -0.498449, -0.004171, 0.206599, 0.230061]
  [-0.160164, -0.498313, -0.003889, 0.204709, 0.224428]
  [-0.15595, -0.498302, -0.003987, 0.204864, 0.226623]
  [-0.159904, -0.498608, -0.003689, 0.206336, 0.224374]
  [-0.155127, -0.498453, -0.00417, 0.193172, 0.228193]
  [-0.156286, -0.498403, -0.00387, 0.204533, 0.225553]
  [-0.159661, -0.498554, -0.003765, 0.207768, 0.231739]
  [-0.156155, -0.498403, -0.004089, 0.192438, 0.229542]
  [-0.159047, -0.49861, -0.004018, 0.20101, 0.227405]
  [-0.158206, -0.498447, -0.003745, 0.197289, 0.227306]
  [-0.154027, -0.498535, -0.003639, 0.207802, 0.230101]
  [-0.154675, -0.498509, -0.003807, 0.208387, 0.231414]
  [-0.152607, -0.498319, -0.003838, 0.19808, 0.229659]
  [-0.155863, -0.498341, -0.003984, 0.20456, 0.22516]
  [-0.152725, -0.498391, -0.00369, 0.208819, 0.23087]
  [-0.160233, -0.49838, -0.003851, 0.196117, 0.226894]
  [-0.160973, -0.498487, -0.003632, 0.201003, 0.229854]
  [-0.159459, -0.498384, -0.003837, 0.195389, 0.224219]
  [-0.155838, -0.498589, -0.003801, 0.207629, 0.227764]
  [-0.153666, -0.498457, -0.003731, 0.206622, 0.23011]
  [-0.159608, -0.498597, -0.003783, 0.200679, 0.232254]
  [-0.158534, -0.498428, -0.004143, 0.209306, 0.229262]
  [-0.15537, -0.49835, -0.003524, 0.202337, 0.227404]
  [-0.157673, -0.498566, -0.003578, 0.208811, 0.224852]
  [-0.159757, -0.498355, -0.004075, 0.198344, 0.23132]
  [-0.155593, -0.498583, -0.003851, 0.198503, 0.22989]
  [-0.157374, -0.498539, -0.00388, 0.207381, 0.23005]
  [-0.154719, -0.498453, -0.004129, 0.204109, 0.225212]
  [-0.158006, -0.498471, -0.004091, 0.195107, 0.225723]
  [-0.156567, -0.49853, -0.004062, 0.191585, 0.231385]
  [-0.158505, -0.498409, -0.004077, 0.206386, 0.227088]
  [-0.157668, -0.498499, -0.004164, 0.207609, 0.229901]
  [-0.155333, -0.498399, -0.003885, 0.206202, 0.230104]
  [-0.156585, -0.498396, -0.003867, 0.207886, 0.225922]
  [-0.159596, -0.498409, -0.003861, 0.203316, 0.227578]
  [-0.159727, -0.498326, -0.003974, 0.20534, 0.224332]
  [-0.156277, -0.49842, -0.004124, 0.204167, 0.232361]
  [-0.15396, -0.49856, -0.004135, 0.199931, 0.225572]
  [-0.153786, -0.498348, -0.003748, 0.196622, 0.224723]
  [-0.159854, -0.498332, -0.003831, 0.202808, 0.224284]
  [-0.153037, -0.498316, -0.003813, 0.193143, 0.22971]
  [-0.156943, -0.498574, -0.003949, 0.196431, 0.226821]
  [-0.159857, -0.498499, -0.00399, 0.198541, 0.231959]
  [-0.157106, -0.498318, -0.003981, 0.205575, 0.224166]
  [-0.158014, -0.498536, -0.004053, 0.200695, 0.226472]
  [-0.156544, -0.49858, -0.0037, 0.203626, 0.228464]
  [-0.15796, -0.498402, -0.003787, 0.1955, 0.232707]
  [-0.156015, -0.498595, -0.003757, 0.205419, 0.232369]
  [-0.154286, -0.498381, -0.003708, 0.196039, 0.229623]
  [-0.152669, -0.49839, -0.003869, 0.192423, 0.224153]
  [-0.15955, -0.498424, -0.003571, 0.201052, 0.231963]
  [-0.158181, -0.498473, -0.004056, 0.19728, 0.231429]
  [-0.156614, -0.498314, -0.003775, 0.192668, 0.227146]
  [-0.153836, -0.49838, -0.003524, 0.200447, 0.227956]
  [-0.160053, -0.498309, -0.0037, 0.200982, 0.230531]
  [-0.160946, -0.498494, -0.004062, 0.195431, 0.232289]
  [-0.156805, -0.498421, -0.004085, 0.206078, 0.230047]
  [-0.158348, -0.498481, -0.003846, 0.20711, 0.225595]
  [-0.161014, -0.49857, -0.003615, 0.195614, 0.226073]
  [-0.159602, -0.498327, -0.004085, 0.205911, 0.232355]
  [-0.1565, -0.498474, -0.003784, 0.200408, 0.232067]
  [-0.159234, -0.498512, -0.003739, 0.203354, 0.231395]
  [-0.160126, -0.498397, -0.003883, 0.195094, 0.22518]
  [-0.1559, -0.498454, -0.004054, 0.206146, 0.227768]
  [-0.155925, -0.498531, -0.004109, 0.193592, 0.227234]
  [-0.157921, -0.498473, -0.003956, 0.193936, 0.224451]
  [-0.160811, -0.498352, -0.003861, 0.201326, 0.224976]
  [-0.152763, -0.498454, -0.003696, 0.195465, 0.227249]
  [-0.156407, -0.498484, -0.003934, 0.19877, 0.224553]
  [-0.158217, -0.498458, -0.004102, 0.194114, 0.23042]
  [-0.158144, -0.498441, -0.003746, 0.198886, 0.228474]
  [-0.156426, -0.498362, -0.003921, 0.205935, 0.230656]
  [-0.161038, -0.498376, -0.004067, 0.202002, 0.226755]
  [-0.157104, -0.498612, -0.004064, 0.194399, 0.228434]
  [-0.156439, -0.498579, -0.003666, 0.207398, 0.230368]
  [-0.156735, -0.498556, -0.003762, 0.198557, 0.230487]
  [-0.156317, -0.498581, -0.004032, 0.196724, 0.231188]
  [-0.153784, -0.498553, -0.003761, 0.198829, 0.230975]
  [-0.154116, -0.498332, -0.004077, 0.206943, 0.23099]
  [-0.159692, -0.498467, -0.003768, 0.199194, 0.224149]
  [-0.152458, -0.498407, -0.003981, 0.193445, 0.224472]
  [-0.155226, -0.498598, -0.003794, 0.193594, 0.230771]
  [-0.153289, -0.498323, -0.003785, 0.192461, 0.229824]
  [-0.160269, -0.498366, -0.00361, 0.206998, 0.226226]
  [-0.157663, -0.498543, -0.003664, 0.198746, 0.230476]
  [-0.155203, -0.498314, -0.004015, 0.195657, 0.227929]
  [-0.156395, -0.498576, -0.003507, 0.206588, 0.228147]
  [-0.158747, -0.498311, -0.004023, 0.207273, 0.224149]
  [-0.158402, -0.498379, -0.003703, 0.195794, 0.225684]
  [-0.155365, -0.498391, -0.003551, 0.200664, 0.224333]
  [-0.159317, -0.498404, -0.004106, 0.203695, 0.230941]
  [-0.153292, -0.498593, -0.003869, 0.195501, 0.231927]
  [-0.15564, -0.49856, -0.003642, 0.207859, 0.231963]
  [-0.152561, -0.498409, -0.004092, 0.208396, 0.226676]
  [-0.154366, -0.498459, -0.004048, 0.195523, 0.226943]
  [-0.153934, -0.498319, -0.003785, 0.201908, 0.23203]
  [-0.157736, -0.498333, -0.0039, 0.200834, 0.224221]
  [-0.158155, -0.498455, -0.004008, 0.200167, 0.23247]
  [-0.155258, -0.498311, -0.004167, 0.198488, 0.229581]
  [-0.160763, -0.498479, -0.003689, 0.203303, 0.23237]
  [-0.157237, -0.498547, -0.004049, 0.203049, 0.224607]
  [-0.154635, -0.498613, -0.003726, 0.205879, 0.225312]
  [-0.1525, -0.49848, -0.004082, 0.20112, 0.224264]
  [-0.154254, -0.49852, -0.004015, 0.19296, 0.232267]
  [-0.160593, -0.498575, -0.003762, 0.197549, 0.226515]
  [-0.152379, -0.4985, -0.003734, 0.196527, 0.230635]
  [-0.155818, -0.498341, -0.003678, 0.203296, 0.225257]
  [-0.153566, -0.498516, -0.003608, 0.201345, 0.227498]
  [-0.156116, -0.498387, -0.003807, 0.205028, 0.230089]
  [-0.158503, -0.498349, -0.003613, 0.208971, 0.226293]
  [-0.158749, -0.498356, -0.003836, 0.199136, 0.227566]
  [-0.154018, -0.49839, -0.003812, 0.200964, 0.227256]
  [-0.154403, -0.498395, -0.003808, 0.196627, 0.232034]
  [-0.155367, -0.49859, -0.003854, 0.195866, 0.230467]
  [-0.153402, -0.498539, -0.003772, 0.196271, 0.231471]
  [-0.155788, -0.49857, -0.003612, 0.209168, 0.226955]
  [-0.15766, -0.498411, -0.003776, 0.209258, 0.231516]
  [-0.155728, -0.498574, -0.003962, 0.192853, 0.225356]
  [-0.152758, -0.498497, -0.003795, 0.205023, 0.228063]
  [-0.157044, -0.498386, -0.003761, 0.201588, 0.224411]
  [-0.156969, -0.498348, -0.003594, 0.202201, 0.227748]
  [-0.155881, -0.498329, -0.003883, 0.208921, 0.225304]
  [-0.155396, -0.498577, -0.004015, 0.20227, 0.23249]
  [-0.157367, -0.498381, -0.00383, 0.201057, 0.231205]
  [-0.157967, -0.498307, -0.003627, 0.204926, 0.227648]
  [-0.158208, -0.49847, -0.004038, 0.195986, 0.22974]
  [-0.159622, -0.498344, -0.00352, 0.204381, 0.227181]
  [-0.157597, -0.498405, -0.003527, 0.20916, 0.231941]
  [-0.153983, -0.498538, -0.004162, 0.194985, 0.225963]
  [-0.157394, -0.498417, -0.003658, 0.208047, 0.226913]
  [-0.155666, -0.498493, -0.00386, 0.205426, 0.227424]
  [-0.155681, -0.498615, -0.003581, 0.202332, 0.231951]
  [-0.152912, -0.498441, -0.00416, 0.193811, 0.227396]
  [-0.158963, -0.498381, -0.003865, 0.208688, 0.227929]
  [-0.152347, -0.498479, -0.003724, 0.205265, 0.228313]
  [-0.070134, -0.491722, 0.001073, 0.287926, 0.309416]
  [-0.159913, -0.499659, -0.005995, 0.260448, 0.275155]
  [-0.171878, -0.49711, -0.00591, 0.260756, 0.279386]
  [-0.160339, -0.497828, -0.006064, 0.260916, 0.278846]
  [-0.159786, -0.498541, -0.006081, 0.261041, 0.279289]
  [-0.171473, -0.499852, -0.006103, 0.260467, 0.275237]
  [-0.175178, -0.497732, -0.00603, 0.260888, 0.275096]
  [-0.176226, -0.499307, -0.005912, 0.260764, 0.278754]
  [-0.161059, -0.497708, -0.006088, 0.260836, 0.27601]
  [-0.163273, -0.499232, -0.006164, 0.260506, 0.275235]
  [-0.166523, -0.499032, -0.006063, 0.260573, 0.27588]
  [-0.159128, -0.498367, -0.006074, 0.260619, 0.274769]
  [-0.165533, -0.498425, -0.0061, 0.260253, 0.27772]
  [-0.163568, -0.49992, -0.006132, 0.260538, 0.276592]
  [-0.175841, -0.498123, -0.006163, 0.260784, 0.279182]
  [-0.167821, -0.497391, -0.006107, 0.26026, 0.275385]
  [-0.173109, -0.49964, -0.005928, 0.261026, 0.276896]
  [-0.165983, -0.498485, -0.00614, 0.260492, 0.279118]
  [-0.161114, -0.497988, -0.005886, 0.260465, 0.277029]
  [-0.171012, -0.497842, -0.005914, 0.260747, 0.277479]
  [-0.168259, -0.498903, -0.006108, 0.260267, 0.276317]
  [-0.162257, -0.498157, -0.00609, 0.260302, 0.278139]
  [-0.160056, -0.499462, -0.005985, 0.260511, 0.275255]
  [-0.161326, -0.497073, -0.006054, 0.261003, 0.278219]
  [-0.161271, -0.499491, -0.00601, 0.260777, 0.274659]
  [-0.167736, -0.497403, -0.00607, 0.261034, 0.278295]
  [-0.166108, -0.497782, -0.006213, 0.260481, 0.276118]
  [-0.173709, -0.499987, -0.005996, 0.260405, 0.276193]
  [-0.171572, -0.499373, -0.006129, 0.261035, 0.278602]
  [-0.173968, -0.499685, -0.006025, 0.260686, 0.278917]
  [-0.161575, -0.499082, -0.00624, 0.260438, 0.277864]
  [-0.170115, -0.498398, -0.006135, 0.260769, 0.277287]
  [-0.175561, -0.497827, -0.006181, 0.260359, 0.27607]
  [-0.167201, -0.498227, -0.006226, 0.260766, 0.277483]
  [-0.159447, -0.497258, -0.006235, 0.260296, 0.278741]
  [-0.16963, -0.497063, -0.006143, 0.260607, 0.277471]
  [-0.171568, -0.498068, -0.006148, 0.260643, 0.277818]
  [-0.174563, -0.498387, -0.006227, 0.261029, 0.277888]
  [-0.159913, -0.498958, -0.0061, 0.260806, 0.275527]
  [-0.159136, -0.499882, -0.006097, 0.260497, 0.27938]
  [-0.161435, -0.497185, -0.005942, 0.260548, 0.275395]
  [-0.165809, -0.49983, -0.006026, 0.260922, 0.277443]
  [-0.176416, -0.498366, -0.005899, 0.260938, 0.279248]
  [-0.160872, -0.498705, -0.006094, 0.260382, 0.275224]
  [-0.163266, -0.49756, -0.006178, 0.260841, 0.278065]
  [-0.162076, -0.499575, -0.006219, 0.260751, 0.274973]
  [-0.174194, -0.499906, -0.005982, 0.260665, 0.277476]
  [-0.174321, -0.497398, -0.005924, 0.260597, 0.275629]
  [-0.171618, -0.499154, -0.005986, 0.260578, 0.278083]
  [-0.167295, -0.498259, -0.005925, 0.260295, 0.277631]
  [-0.171024, -0.498789, -0.006138, 0.260783, 0.274953]
  [-0.16399, -0.498524, -0.005935, 0.260521, 0.277268]
  [-0.173993, -0.497584, -0.006155, 0.261023, 0.276817]
  [-0.165963, -0.497669, -0.006204, 0.26032, 0.274814]
  [-0.159734, -0.499212, -0.005878, 0.260608, 0.277614]
  [-0.160635, -0.498119, -0.006161, 0.260269, 0.277376]
  [-0.169148, -0.497963, -0.006172, 0.260748, 0.275303]
  [-0.174391, -0.497527, -0.006219, 0.260545, 0.278566]
  [-0.175246, -0.497036, -0.006165, 0.260901, 0.277745]
  [-0.167588, -0.49997, -0.005927, 0.260915, 0.278741]
  [-0.169128, -0.497933, -0.005984, 0.260998, 0.276963]
  [-0.159267, -0.498128, -0.006066, 0.260574, 0.277244]
  [-0.168898, -0.497565, -0.006177, 0.260407, 0.274999]
  [-0.17519, -0.499831, -0.006242, 0.260963, 0.276668]
  [-0.174739, -0.498399, -0.006115, 0.260856, 0.276831]
  [-0.169259, -0.498495, -0.006143, 0.260262, 0.27501]
  [-0.169307, -0.497535, -0.006043, 0.260827, 0.277847]
  [-0.171192, -0.499945, -0.005881, 0.260351, 0.278647]
  [-0.175817, -0.497326, -0.006076, 0.260863, 0.276598]
  [-0.167836, -0.497189, -0.006145, 0.260587, 0.277502]
  [-0.174044, -0.497092, -0.006174, 0.260505, 0.27817]
  [-0.166297, -0.497885, -0.005928, 0.260354, 0.278481]
  [-0.161059, -0.498332, -0.006213, 0.260977, 0.277977]
  [-0.159851, -0.498153, -0.005986, 0.260415, 0.275048]
  [-0.166993, -0.497742, -0.006109, 0.260865, 0.278266]
  [-0.171384, -0.497469, -0.006062, 0.260728, 0.278411]
  [-0.175751, -0.498261, -0.005964, 0.260703, 0.277125]
  [-0.169827, -0.498087, -0.006108, 0.261013, 0.275844]
  [-0.175022, -0.499584, -0.006001, 0.260662, 0.277685]
  [-0.173728, -0.498392, -0.00605, 0.260724, 0.27551]
  [-0.159355, -0.497704, -0.006087, 0.260505, 0.275983]
  [-0.174561, -0.499199, -0.005985, 0.261045, 0.274772]
  [-0.161086, -0.49782, -0.00589, 0.260435, 0.27499]
  [-0.173132, -0.497803, -0.006011, 0.260387, 0.276505]
  [-0.161012, -0.499376, -0.00611, 0.260449, 0.279274]
  [-0.171774, -0.497739, -0.005943, 0.260297, 0.278939]
  [-0.164116, -0.497705, -0.006071, 0.260543, 0.276436]
  [-0.164114, -0.498443, -0.006015, 0.261008, 0.274769]
  [-0.176678, -0.499724, -0.0062, 0.260392, 0.278931]
  [-0.172052, -0.497285, -0.006071, 0.26028, 0.277637]
  [-0.168896, -0.499991, -0.00593, 0.261024, 0.278291]
  [-0.171699, -0.497243, -0.006002, 0.260663, 0.279343]
  [-0.163112, -0.497299, -0.005897, 0.260966, 0.274668]
  [-0.174704, -0.497053, -0.006162, 0.261047, 0.277968]
  [-0.170846, -0.498781, -0.005981, 0.260547, 0.277081]
  [-0.173085, -0.497646, -0.006099, 0.260606, 0.276035]
  [-0.169768, -0.499287, -0.006043, 0.260597, 0.278654]
  [-0.168183, -0.497477, -0.00603, 0.260974, 0.27904]
  [-0.17308, -0.497129, -0.00618, 0.260529, 0.275831]
  [-0.172564, -0.499113, -0.00601, 0.26051, 0.276211]
  [-0.173991, -0.49997, -0.005977, 0.26056, 0.276923]
  [-0.163354, -0.49964, -0.00599, 0.260544, 0.277064]
  [-0.173327, -0.498991, -0.005913, 0.26044, 0.278371]
  [-0.17325, -0.498975, -0.006005, 0.260991, 0.276291]
  [-0.162237, -0.498814, -0.005905, 0.26086, 0.277189]
  [-0.167934, -0.497607, -0.006096, 0.260744, 0.276676]
  [-0.164728, -0.499116, -0.0059, 0.261037, 0.275113]
  [-0.16806, -0.499054, -0.006142, 0.260865, 0.275954]
  [-0.161265, -0.498096, -0.006188, 0.260898, 0.276366]
  [-0.163411, -0.497323, -0.005922, 0.260716, 0.276302]
  [-0.171391, -0.497314, -0.005997, 0.260648, 0.27933]
  [-0.161404, -0.497138, -0.006186, 0.260831, 0.278305]
  [-0.170945, -0.497681, -0.006234, 0.260524, 0.279239]
  [-0.159125, -0.499035, -0.006118, 0.260568, 0.274916]
  [-0.171608, -0.499652, -0.006096, 0.260448, 0.27536]
  [-0.167101, -0.498881, -0.005984, 0.260828, 0.276893]
  [-0.166963, -0.499735, -0.006243, 0.260311, 0.278184]
  [-0.166058, -0.497696, -0.006149, 0.260871, 0.276285]
  [-0.17455, -0.497792, -0.006017, 0.26039, 0.278913]
  [-0.172432, -0.498107, -0.005858, 0.261048, 0.276744]
  [-0.15942, -0.498176, -0.00608, 0.26049, 0.27493]
  [-0.175296, -0.498101, -0.005856, 0.260382, 0.278856]
  [-0.174553, -0.499973, -0.006093, 0.260773, 0.277402]
  [-0.174481, -0.499581, -0.005985, 0.26035, 0.276082]
  [-0.166323, -0.498825, -0.006078, 0.260441, 0.277616]
  [-0.173367, -0.498262, -0.006005, 0.260729, 0.274755]
  [-0.159446, -0.498875, -0.006003, 0.26077, 0.275038]
  [-0.176625, -0.497988, -0.006044, 0.260521, 0.276448]
  [-0.174411, -0.497696, -0.006056, 0.260426, 0.278401]
  [-0.167368, -0.499944, -0.006242, 0.260969, 0.278494]
  [-0.174609, -0.49755, -0.005881, 0.260835, 0.274747]
  [-0.163011, -0.498291, -0.006226, 0.260736, 0.276528]
  [-0.159903, -0.498632, -0.006092, 0.260338, 0.276687]
  [-0.164337, -0.497222, -0.006054, 0.260532, 0.275505]
  [-0.16584, -0.497844, -0.006061, 0.260713, 0.27792]
  [-0.16097, -0.498375, -0.006006, 0.260939, 0.279202]
  [-0.166592, -0.499123, -0.006166, 0.26081, 0.275903]
  [-0.166793, -0.497502, -0.005999, 0.260814, 0.277357]
  [-0.174968, -0.499836, -0.006236, 0.261049, 0.278204]
  [-0.168602, -0.497946, -0.005856, 0.260417, 0.278344]
  [-0.167904, -0.497364, -0.005893, 0.260295, 0.278781]
  [-0.165241, -0.497574, -0.005888, 0.26102, 0.278151]
  [-0.176486, -0.497326, -0.006222, 0.2605, 0.278028]
  [-0.161363, -0.498119, -0.005908, 0.260701, 0.276596]
  [-0.169884, -0.499881, -0.006035, 0.260689, 0.279033]
  [-0.172721, -0.49936, -0.005882, 0.260954, 0.276436]
  [-0.165991, -0.498359, -0.00623, 0.260808, 0.277998]
  [-0.175306, -0.497495, -0.005988, 0.26086, 0.276527]
  [-0.161823, -0.499812, -0.005957, 0.26034, 0.27499]
  [-0.173949, -0.498008, -0.005979, 0.260511, 0.275736]
  [-0.174871, -0.497376, -0.006151, 0.260689, 0.275245]
  [-0.16463, -0.49733, -0.005967, 0.260296, 0.27705]
  [-0.176663, -0.499729, -0.006201, 0.260392, 0.278926]
  [-0.176649, -0.49972, -0.006202, 0.260394, 0.278902]
  [-0.176661, -0.499723, -0.006199, 0.260385, 0.278921]
  [-0.176692, -0.499727, -0.006199, 0.260391, 0.278894]
  [-0.176639, -0.499725, -0.006199, 0.260384, 0.278927]
  [-0.176636, -0.499719, -0.006201, 0.260385, 0.278927]
  [-0.176642, -0.499728, -0.0062, 0.260393, 0.27893]
  [-0.176671, -0.499727, -0.0062, 0.260391, 0.278903]
  [-0.176668, -0.499728, -0.006203, 0.260385, 0.278897]
  [-0.176656, -0.499723, -0.006202, 0.260395, 0.278933]
  [-0.176668, -0.499723, -0.006198, 0.260387, 0.278937]
  [-0.176697, -0.499722, -0.006201, 0.260388, 0.278907]
  [-0.176666, -0.499723, -0.006201, 0.260395, 0.278933]
  [-0.176697, -0.499728, -0.0062, 0.260389, 0.278925]
  [-0.176686, -0.499729, -0.0062, 0.260389, 0.278934]
  [-0.176639, -0.499725, -0.006202, 0.260389, 0.278935]
  [-0.176698, -0.499725, -0.006202, 0.260386, 0.278898]
  [-0.176669, -0.499726, -0.006198, 0.260384, 0.278898]
  [-0.176655, -0.499728, -0.006197, 0.260386, 0.278927]
  [-0.176665, -0.499724, -0.006198, 0.260389, 0.278909]
  [-0.176648, -0.499729, -0.0062, 0.260389, 0.278901]
  [-0.176651, -0.499719, -0.006202, 0.260393, 0.278931]
  [-0.176681, -0.499721, -0.006204, 0.260395, 0.278921]
  [-0.176634, -0.499727, -0.006203, 0.260388, 0.278923]
  [-0.176696, -0.499723, -0.006199, 0.260385, 0.278936]
  [-0.176631, -0.499724, -0.006199, 0.260395, 0.278893]
  [-0.176655, -0.499723, -0.006204, 0.260386, 0.278894]
  [-0.176691, -0.499729, -0.006198, 0.260396, 0.278917]
  [-0.176657, -0.499719, -0.006203, 0.260387, 0.278926]
  [-0.176675, -0.49972, -0.006198, 0.260387, 0.278911]
  [-0.176699, -0.499719, -0.006198, 0.260392, 0.278908]
  [-0.176685, -0.499727, -0.006199, 0.260391, 0.278902]
  [-0.176655, -0.499723, -0.006197, 0.260392, 0.278936]
  [-0.176635, -0.499722, -0.0062, 0.260385, 0.278908]
  [-0.176637, -0.499728, -0.006203, 0.260388, 0.278918]
  [-0.176652, -0.499721, -0.006198, 0.26039, 0.278902]
  [-0.176643, -0.499721, -0.006201, 0.260394, 0.278902]
  [-0.176682, -0.499718, -0.006202, 0.260385, 0.278895]
  [-0.176663, -0.499726, -0.006202, 0.260391, 0.278908]
  [-0.176645, -0.499724, -0.006199, 0.260395, 0.278936]
  [-0.176665, -0.499722, -0.006201, 0.260388, 0.278906]
  [-0.176661, -0.49972, -0.0062, 0.26039, 0.278923]
  [-0.17667, -0.499725, -0.006201, 0.260389, 0.278918]
  [-0.176672, -0.499719, -0.006202, 0.260386, 0.27892]
  [-0.176655, -0.499728, -0.006201, 0.260387, 0.278916]
  [-0.176632, -0.499721, -0.0062, 0.260388, 0.278914]
  [-0.176655, -0.499722, -0.006202, 0.260392, 0.278902]
  [-0.176653, -0.499727, -0.006201, 0.260384, 0.27892]
  [-0.176682, -0.499722, -0.006203, 0.260392, 0.278924]
  [-0.17666, -0.499725, -0.006202, 0.260384, 0.278933]
  [-0.176701, -0.499725, -0.006199, 0.260391, 0.278926]
  [-0.176674, -0.499724, -0.006203, 0.260384, 0.278936]
  [-0.176654, -0.49972, -0.006198, 0.260387, 0.278899]
  [-0.176635, -0.499724, -0.006204, 0.260388, 0.27893]
  [-0.176643, -0.499728, -0.006198, 0.260385, 0.278902]
  [-0.17667, -0.499727, -0.0062, 0.260392, 0.278902]
  [-0.176689, -0.499724, -0.0062, 0.26039, 0.278913]
  [-0.176647, -0.499727, -0.0062, 0.260386, 0.278913]
  [-0.176682, -0.499722, -0.006204, 0.260389, 0.278916]
  [-0.176676, -0.499728, -0.006203, 0.260388, 0.278928]
  [-0.176652, -0.499718, -0.0062, 0.260383, 0.278898]
  [-0.176685, -0.499729, -0.006197, 0.260388, 0.278911]
  [-0.1767, -0.499724, -0.006201, 0.260385, 0.278926]
  [-0.176636, -0.499719, -0.006203, 0.260393, 0.278915]
  [-0.176661, -0.499723, -0.0062, 0.260384, 0.27892]
  [-0.176648, -0.49972, -0.006197, 0.260391, 0.278924]
  [-0.176699, -0.499727, -0.006197, 0.260384, 0.278902]
  [-0.176664, -0.499725, -0.006198, 0.260393, 0.278931]
  [-0.176655, -0.499719, -0.006199, 0.260391, 0.278921]
  [-0.176661, -0.499721, -0.006201, 0.260395, 0.278909]
  [-0.176673, -0.499729, -0.006203, 0.260392, 0.278918]
  [-0.176701, -0.499726, -0.006198, 0.260389, 0.278934]
  [-0.176699, -0.499726, -0.006203, 0.260388, 0.278932]
  [-0.176654, -0.499728, -0.006201, 0.260386, 0.278898]
  [-0.176646, -0.499719, -0.006199, 0.260395, 0.278913]
  [-0.17667, -0.499729, -0.0062, 0.260395, 0.278904]
  [-0.176632, -0.499725, -0.006202, 0.260396, 0.278901]
  [-0.176628, -0.499726, -0.0062, 0.26039, 0.278905]
  [-0.176655, -0.499721, -0.006198, 0.260395, 0.278936]
  [-0.176633, -0.499727, -0.006201, 0.260384, 0.278915]
  [-0.176683, -0.499724, -0.006201, 0.260386, 0.278916]
  [-0.176642, -0.499722, -0.006202, 0.260385, 0.278934]
  [-0.176685, -0.499724, -0.006201, 0.260385, 0.278895]
  [-0.176641, -0.499724, -0.0062, 0.260392, 0.27893]
  [-0.176689, -0.49972, -0.006199, 0.260392, 0.278931]
  [-0.176699, -0.499724, -0.006201, 0.260383, 0.278914]
  [-0.17665, -0.499725, -0.0062, 0.260387, 0.278895]
  [-0.17668, -0.499719, -0.006201, 0.260391, 0.278922]
  [-0.176643, -0.499718, -0.0062, 0.260388, 0.278924]
  [-0.176647, -0.499723, -0.006199, 0.260395, 0.278934]
  [-0.176647, -0.49972, -0.006202, 0.260393, 0.278937]
  [-0.176642, -0.499723, -0.006201, 0.260383, 0.278895]
  [-0.1767, -0.499721, -0.006198, 0.260394, 0.278896]
  [-0.176697, -0.49972, -0.006198, 0.260385, 0.278894]
  [-0.176662, -0.499723, -0.006203, 0.260383, 0.278932]
  [-0.176684, -0.499719, -0.006201, 0.26039, 0.278931]
  [-0.176643, -0.499728, -0.006203, 0.260393, 0.278923]
  [-0.17667, -0.499721, -0.006202, 0.260393, 0.278921]
  [-0.176639, -0.499727, -0.006199, 0.260392, 0.278896]
  [-0.176694, -0.499721, -0.0062, 0.260387, 0.278925]
  [-0.176649, -0.499724, -0.006204, 0.260393, 0.278915]
  [-0.176668, -0.499721, -0.006197, 0.260384, 0.278933]
  [-0.176648, -0.499721, -0.0062, 0.260384, 0.278929]
  [-0.176628, -0.499729, -0.0062, 0.260391, 0.278935]
  [-0.176642, -0.499723, -0.006203, 0.260386, 0.278907]
  [-0.17667, -0.499726, -0.006204, 0.260387, 0.278922]
  [-0.176644, -0.499723, -0.006199, 0.260384, 0.278894]
  [-0.176666, -0.499719, -0.006201, 0.260384, 0.278923]
  [-0.176672, -0.499729, -0.0062, 0.260384, 0.27893]
  [-0.176646, -0.499729, -0.006199, 0.260385, 0.278907]
  [-0.176674, -0.499724, -0.006199, 0.260395, 0.278924]
  [-0.176678, -0.499727, -0.006204, 0.260394, 0.278922]
  [-0.176636, -0.499722, -0.006198, 0.260384, 0.278915]
  [-0.176688, -0.499725, -0.0062, 0.260386, 0.2789]
  [-0.176666, -0.499718, -0.006202, 0.260387, 0.278895]
  [-0.176656, -0.499721, -0.006201, 0.26039, 0.278933]
  [-0.176695, -0.499722, -0.006198, 0.260384, 0.278927]
  [-0.17667, -0.499729, -0.006201, 0.260386, 0.278894]
  [-0.176666, -0.499721, -0.006201, 0.260391, 0.2789]
  [-0.176684, -0.499728, -0.006199, 0.260388, 0.278913]
  [-0.176665, -0.499718, -0.006198, 0.260394, 0.278921]
  [-0.17664, -0.499723, -0.006197, 0.26039, 0.278905]
  [-0.176674, -0.499725, -0.0062, 0.260391, 0.27893]
  [-0.176689, -0.499718, -0.006198, 0.260393, 0.278898]
  [-0.176637, -0.499726, -0.006197, 0.260383, 0.278904]
  [-0.176656, -0.499727, -0.006203, 0.260388, 0.278912]
  [-0.17666, -0.499718, -0.006202, 0.260391, 0.27891]
  [-0.176636, -0.499728, -0.006203, 0.260391, 0.27891]
  [-0.176639, -0.499729, -0.006201, 0.260385, 0.278915]
  [-0.176679, -0.499727, -0.006202, 0.260393, 0.278907]
  [-0.176689, -0.499726, -0.006203, 0.260391, 0.278919]
  [-0.176704, -0.499719, -0.006198, 0.260394, 0.27893]
  [-0.176704, -0.499719, -0.006198, 0.260385, 0.278907]
  [-0.176693, -0.499728, -0.0062, 0.260389, 0.278903]
  [-0.176697, -0.499726, -0.006203, 0.260384, 0.278928]
  [-0.176686, -0.499722, -0.006198, 0.260394, 0.278933]
  [-0.176675, -0.499721, -0.006201, 0.26039, 0.278927]
  [-0.176681, -0.499723, -0.006201, 0.260389, 0.278923]
  [-0.176646, -0.499728, -0.006202, 0.260394, 0.278931]
  [-0.176675, -0.499728, -0.006203, 0.260392, 0.278937]
  [-0.176633, -0.499726, -0.006198, 0.260389, 0.278936]
  [-0.17669, -0.499721, -0.006198, 0.260384, 0.278902]
  [-0.176658, -0.499725, -0.006203, 0.26039, 0.278896]
  [-0.176697, -0.499723, -0.006201, 0.260395, 0.278929]
  [-0.176656, -0.499728, -0.006199, 0.260392, 0.278904]
  [-0.176669, -0.49972, -0.0062, 0.260391, 0.278935]
  [-0.176677, -0.499718, -0.006197, 0.260387, 0.278918]
  [-0.17663, -0.499719, -0.006199, 0.260389, 0.278908]
  [-0.176632, -0.49972, -0.006199, 0.260393, 0.278935]
  [-0.17665, -0.499721, -0.006201, 0.260395, 0.27891]
  [-0.176699, -0.499726, -0.006197, 0.260384, 0.278902]
  [-0.1767, -0.499726, -0.006197, 0.260384, 0.278902]
  [-0.1767, -0.499727, -0.006197, 0.260384, 0.278902]
  [-0.106325, -0.477688, 0.002746, 0.290282, 0.312071]
  [-0.159313, -0.49781, -0.00577, 0.186829, 0.211407]
  [-0.042454, -0.48971, -0.008552, 0.262931, 0.287131]
