Status: violated
Adversarial inputs found:
  [-0.113895, -0.491352, -0.003883, 0.206368, 0.242712]
  [-0.114029, -0.496311, -0.003857, 0.211843, 0.243289]
  [-0.114708, -0.491729, -0.00379, 0.204417, 0.242944]
  [-0.112978, -0.494153, -0.003939, 0.21168, 0.242671]
  [-0.113636, -0.495107, -0.003556, 0.211831, 0.24232]
  [-0.114376, -0.493388, -0.003564, 0.208396, 0.242581]
  [-0.112689, -0.493544, -0.003525, 0.211208, 0.243021]
  [-0.113472, -0.491649, -0.003892, 0.204217, 0.242601]
  [-0.114159, -0.49637, -0.003959, 0.206108, 0.242751]
  [-0.115051, -0.49129, -0.003972, 0.208067, 0.242131]
  [-0.115403, -0.494415, -0.003644, 0.20662, 0.242636]
  [-0.114131, -0.493656, -0.003724, 0.203641, 0.242794]
  [-0.113599, -0.491748, -0.003793, 0.206723, 0.243091]
  [-0.115123, -0.493735, -0.003647, 0.20539, 0.242387]
  [-0.114783, -0.495797, -0.003851, 0.208403, 0.243362]
  [-0.114648, -0.495761, -0.003812, 0.204704, 0.242128]
  [-0.114807, -0.491484, -0.003953, 0.21165, 0.24206]
  [-0.113097, -0.491543, -0.00375, 0.21085, 0.242032]
  [-0.113752, -0.492609, -0.00391, 0.206234, 0.242132]
  [-0.114817, -0.492145, -0.003596, 0.209041, 0.242987]
  [-0.113915, -0.491468, -0.003634, 0.205945, 0.243346]
  [-0.114363, -0.493079, -0.003463, 0.207343, 0.241994]
  [-0.114373, -0.492602, -0.003765, 0.203118, 0.243184]
  [-0.114128, -0.492868, -0.003736, 0.207174, 0.242447]
  [-0.113237, -0.493812, -0.003476, 0.210563, 0.242206]
  [-0.113304, -0.495271, -0.003806, 0.210579, 0.243295]
  [-0.114593, -0.492022, -0.003914, 0.20477, 0.242693]
  [-0.113776, -0.491106, -0.003752, 0.210149, 0.242912]
  [-0.112443, -0.493264, -0.003626, 0.209879, 0.242196]
  [-0.115576, -0.493592, -0.004002, 0.209294, 0.242318]
  [-0.115399, -0.491121, -0.003941, 0.209576, 0.242681]
  [-0.112791, -0.492967, -0.003554, 0.204249, 0.242477]
  [-0.114578, -0.492509, -0.003697, 0.20377, 0.242055]
  [-0.115152, -0.494676, -0.003526, 0.21122, 0.242949]
  [-0.112467, -0.493275, -0.003464, 0.203497, 0.243306]
  [-0.115674, -0.495208, -0.003687, 0.204578, 0.242236]
  [-0.114008, -0.492291, -0.003573, 0.206719, 0.242361]
  [-0.113058, -0.494762, -0.003914, 0.211181, 0.24211]
  [-0.113249, -0.493677, -0.003621, 0.209856, 0.243033]
  [-0.115647, -0.493927, -0.003468, 0.204144, 0.242111]
  [-0.114848, -0.494261, -0.00345, 0.20924, 0.242892]
  [-0.112917, -0.494814, -0.003825, 0.203071, 0.243228]
  [-0.112881, -0.496287, -0.003991, 0.211923, 0.242912]
  [-0.112642, -0.492706, -0.00388, 0.205257, 0.242274]
  [-0.112538, -0.493548, -0.003628, 0.210479, 0.242999]
  [-0.114114, -0.493952, -0.003658, 0.205613, 0.242232]
  [-0.115784, -0.494051, -0.003466, 0.205895, 0.242054]
  [-0.115567, -0.493793, -0.003945, 0.205552, 0.242813]
  [-0.114826, -0.493286, -0.003886, 0.209062, 0.243323]
  [-0.113777, -0.493777, -0.003731, 0.204165, 0.243103]
  [-0.113511, -0.494136, -0.003602, 0.203065, 0.243363]
  [-0.113737, -0.495304, -0.00393, 0.204751, 0.243053]
  [-0.115481, -0.493686, -0.003582, 0.211422, 0.243254]
  [-0.114883, -0.494477, -0.003527, 0.205892, 0.243183]
  [-0.115161, -0.491774, -0.003472, 0.211318, 0.243105]
  [-0.112907, -0.494043, -0.003458, 0.211718, 0.242075]
  [-0.113838, -0.496877, -0.004001, 0.21048, 0.243108]
  [-0.114015, -0.491577, -0.003748, 0.204017, 0.243114]
  [-0.113401, -0.492928, -0.003773, 0.209964, 0.242464]
  [-0.115151, -0.492586, -0.003616, 0.207143, 0.24317]
  [-0.114996, -0.495211, -0.003804, 0.207984, 0.242703]
  [-0.115679, -0.491871, -0.003784, 0.208691, 0.242694]
  [-0.112981, -0.491278, -0.003778, 0.208187, 0.242524]
  [-0.115421, -0.494409, -0.003457, 0.205752, 0.242756]
  [-0.114297, -0.494329, -0.004002, 0.205627, 0.243341]
  [-0.112744, -0.492387, -0.003815, 0.205447, 0.242334]
  [-0.115139, -0.49221, -0.003774, 0.205841, 0.242081]
  [-0.113715, -0.493494, -0.003636, 0.211659, 0.242422]
  [-0.114221, -0.493085, -0.003542, 0.20363, 0.24293]
  [-0.114727, -0.491109, -0.003682, 0.211886, 0.24267]
  [-0.112864, -0.494296, -0.003623, 0.211965, 0.242365]
  [-0.115228, -0.493533, -0.003986, 0.203992, 0.24315]
  [-0.112393, -0.494427, -0.003714, 0.208908, 0.243116]
  [-0.114966, -0.491954, -0.003782, 0.210522, 0.242893]
  [-0.113579, -0.491169, -0.003635, 0.206898, 0.242583]
  [-0.112819, -0.491917, -0.00365, 0.206899, 0.243247]
  [-0.112925, -0.495096, -0.003709, 0.207998, 0.24285]
  [-0.1153, -0.493306, -0.003919, 0.203749, 0.243042]
  [-0.115861, -0.495131, -0.003855, 0.209277, 0.242695]
  [-0.112398, -0.493581, -0.003572, 0.210978, 0.242707]
  [-0.115137, -0.493083, -0.003707, 0.211414, 0.242045]
  [-0.114559, -0.491109, -0.003809, 0.204448, 0.242607]
  [-0.112558, -0.494522, -0.003537, 0.205553, 0.242302]
  [-0.112638, -0.493695, -0.003661, 0.211733, 0.242919]
  [-0.112719, -0.492015, -0.003756, 0.205848, 0.243084]
  [-0.113243, -0.493571, -0.003763, 0.208928, 0.242071]
  [-0.113233, -0.493659, -0.003724, 0.204009, 0.242095]
  [-0.112602, -0.494521, -0.00377, 0.206736, 0.243014]
  [-0.113477, -0.491743, -0.003802, 0.211737, 0.242172]
  [-0.162567, -0.489404, -0.01329, 0.219514, 0.22256]
  [-0.188942, -0.497532, -0.014977, 0.264837, 0.256498]
  [-0.202241, -0.497292, -0.014974, 0.267486, 0.250927]
  [-0.188521, -0.497301, -0.01499, 0.263393, 0.258765]
  [-0.200386, -0.49754, -0.015003, 0.26641, 0.250958]
  [-0.186383, -0.497151, -0.015002, 0.272368, 0.257242]
  [-0.189596, -0.497085, -0.014977, 0.271339, 0.259729]
  [-0.197598, -0.497282, -0.014996, 0.26393, 0.25101]
  [-0.202212, -0.497427, -0.014949, 0.270114, 0.261151]
  [-0.182661, -0.497344, -0.014957, 0.26369, 0.255594]
  [-0.195576, -0.497166, -0.014983, 0.271224, 0.252064]
  [-0.193029, -0.497435, -0.014958, 0.265548, 0.268434]
  [-0.184449, -0.497383, -0.014994, 0.269364, 0.261686]
  [-0.190095, -0.497485, -0.014997, 0.268683, 0.264388]
  [-0.195269, -0.497153, -0.014996, 0.270493, 0.256593]
  [-0.195102, -0.497434, -0.014978, 0.268079, 0.265293]
  [-0.204875, -0.497073, -0.014976, 0.267905, 0.251782]
  [-0.190592, -0.497399, -0.014984, 0.268369, 0.268132]
  [-0.189765, -0.497701, -0.015012, 0.272065, 0.25295]
  [-0.192654, -0.497345, -0.014955, 0.262609, 0.256886]
  [-0.186413, -0.497678, -0.015012, 0.262598, 0.252111]
  [-0.190839, -0.497565, -0.014959, 0.266807, 0.251071]
  [-0.18667, -0.497177, -0.015011, 0.263324, 0.260462]
  [-0.18619, -0.497549, -0.01496, 0.265948, 0.250786]
  [-0.195093, -0.497221, -0.014962, 0.270277, 0.251431]
  [-0.194072, -0.497518, -0.014976, 0.269451, 0.253012]
  [-0.19932, -0.497131, -0.014963, 0.269622, 0.26131]
  [-0.190435, -0.497507, -0.014958, 0.268822, 0.253325]
  [-0.207578, -0.497631, -0.01496, 0.268141, 0.251433]
  [-0.197731, -0.497221, -0.015007, 0.268302, 0.259089]
  [-0.191567, -0.497083, -0.014965, 0.269146, 0.262864]
  [-0.193472, -0.497132, -0.015008, 0.272009, 0.263127]
  [-0.189547, -0.497547, -0.014981, 0.263849, 0.258771]
  [-0.196286, -0.497722, -0.014962, 0.272358, 0.262619]
  [-0.184266, -0.497572, -0.015007, 0.263398, 0.25084]
  [-0.208733, -0.497388, -0.014974, 0.27227, 0.251428]
  [-0.190766, -0.497102, -0.014953, 0.272049, 0.257999]
  [-0.200297, -0.497576, -0.014955, 0.262312, 0.254221]
  [-0.193405, -0.497366, -0.014981, 0.269474, 0.249615]
  [-0.187628, -0.497148, -0.014975, 0.269892, 0.252084]
  [-0.190533, -0.497231, -0.014949, 0.262809, 0.261495]
  [-0.186154, -0.497562, -0.014988, 0.267754, 0.256639]
  [-0.196825, -0.497161, -0.015007, 0.268111, 0.267258]
  [-0.185005, -0.497185, -0.015015, 0.264658, 0.25202]
  [-0.187618, -0.497314, -0.014981, 0.265009, 0.269574]
  [-0.192291, -0.497702, -0.014953, 0.271382, 0.254191]
  [-0.196745, -0.497129, -0.014984, 0.263179, 0.257647]
  [-0.203374, -0.497432, -0.015002, 0.267529, 0.254127]
  [-0.193373, -0.497161, -0.014997, 0.269549, 0.264136]
  [-0.190661, -0.497508, -0.014981, 0.268643, 0.256667]
  [-0.191861, -0.497607, -0.014957, 0.269984, 0.26447]
  [-0.188456, -0.497442, -0.014974, 0.2626, 0.252983]
  [-0.192904, -0.497268, -0.014992, 0.266337, 0.259234]
  [-0.201262, -0.497246, -0.015008, 0.265822, 0.251145]
  [-0.183937, -0.497422, -0.014996, 0.269595, 0.251175]
  [-0.199152, -0.497716, -0.015002, 0.265975, 0.258417]
  [-0.183775, -0.497715, -0.015012, 0.264982, 0.258568]
  [-0.19561, -0.497139, -0.014984, 0.26191, 0.259633]
  [-0.193681, -0.497677, -0.01495, 0.264143, 0.259995]
  [-0.183088, -0.497721, -0.014957, 0.268563, 0.265977]
  [-0.191751, -0.497746, -0.014966, 0.272054, 0.267542]
  [-0.204662, -0.497365, -0.014969, 0.266733, 0.254311]
  [-0.184235, -0.497395, -0.014968, 0.264051, 0.263543]
  [-0.19299, -0.497432, -0.014957, 0.265543, 0.268514]
  [-0.193006, -0.497433, -0.014958, 0.265528, 0.268281]
  [-0.192939, -0.497432, -0.014959, 0.26558, 0.2679]
  [-0.192973, -0.497432, -0.014958, 0.265454, 0.268389]
  [-0.193009, -0.497433, -0.014958, 0.265536, 0.2678]
  [-0.193139, -0.497433, -0.014957, 0.265576, 0.268171]
  [-0.193035, -0.497435, -0.014958, 0.265525, 0.268221]
  [-0.193025, -0.497433, -0.014958, 0.265487, 0.268178]
  [-0.193045, -0.497432, -0.014958, 0.265466, 0.267813]
  [-0.193126, -0.497435, -0.014958, 0.265506, 0.267818]
  [-0.192998, -0.497435, -0.014958, 0.265578, 0.268336]
  [-0.193021, -0.497433, -0.014958, 0.265475, 0.26789]
  [-0.192971, -0.497435, -0.014957, 0.265512, 0.268159]
  [-0.192936, -0.497435, -0.014959, 0.265518, 0.268535]
  [-0.193054, -0.497436, -0.014957, 0.265583, 0.268319]
  [-0.193073, -0.497435, -0.014958, 0.265443, 0.268479]
  [-0.193113, -0.497432, -0.014958, 0.265441, 0.268135]
  [-0.192989, -0.497434, -0.014958, 0.265474, 0.268521]
  [-0.193017, -0.497432, -0.014957, 0.265474, 0.267865]
  [-0.19302, -0.497433, -0.014957, 0.265488, 0.267742]
  [-0.193114, -0.497434, -0.014957, 0.265523, 0.268583]
  [-0.193126, -0.497433, -0.014957, 0.265558, 0.268479]
  [-0.193024, -0.497432, -0.014958, 0.265522, 0.268525]
  [-0.193062, -0.497432, -0.014957, 0.265463, 0.268422]
  [-0.193115, -0.497434, -0.014958, 0.265528, 0.268227]
  [-0.192938, -0.497434, -0.014957, 0.265463, 0.267832]
  [-0.19295, -0.497436, -0.014959, 0.265582, 0.26794]
  [-0.193028, -0.497436, -0.014958, 0.265579, 0.26818]
  [-0.192992, -0.497435, -0.014958, 0.265557, 0.26838]
  [-0.193012, -0.497435, -0.014957, 0.265435, 0.268055]
  [-0.193098, -0.497436, -0.014959, 0.265451, 0.26786]
  [-0.193018, -0.497435, -0.014958, 0.265488, 0.268249]
  [-0.193071, -0.497433, -0.014958, 0.265471, 0.26859]
  [-0.193029, -0.497434, -0.014959, 0.265518, 0.268539]
  [-0.192988, -0.497434, -0.014957, 0.265518, 0.267784]
  [-0.193089, -0.497436, -0.014958, 0.265476, 0.267989]
  [-0.193107, -0.497435, -0.014959, 0.265518, 0.268293]
  [-0.192962, -0.497433, -0.014959, 0.265528, 0.26877]
  [-0.193058, -0.497435, -0.014958, 0.265503, 0.268702]
  [-0.192962, -0.497433, -0.014959, 0.265466, 0.268654]
  [-0.193023, -0.497434, -0.014958, 0.26555, 0.268205]
  [-0.192991, -0.497433, -0.014958, 0.265558, 0.267981]
  [-0.192979, -0.497432, -0.014957, 0.265575, 0.268423]
  [-0.19308, -0.497435, -0.014957, 0.265517, 0.267926]
  [-0.193135, -0.497435, -0.014957, 0.265569, 0.2682]
  [-0.192936, -0.497434, -0.014958, 0.26558, 0.268272]
  [-0.19299, -0.497433, -0.014957, 0.265477, 0.268498]
  [-0.193008, -0.497433, -0.014958, 0.265487, 0.267769]
  [-0.193055, -0.497434, -0.014958, 0.265535, 0.26837]
  [-0.193112, -0.497434, -0.014958, 0.265565, 0.267928]
  [-0.193084, -0.497434, -0.014957, 0.265467, 0.267747]
  [-0.193057, -0.497435, -0.014958, 0.265511, 0.267815]
  [-0.193127, -0.497435, -0.014957, 0.265481, 0.267756]
  [-0.193112, -0.497433, -0.014959, 0.265446, 0.268523]
  [-0.192937, -0.497433, -0.014957, 0.265485, 0.268732]
  [-0.19301, -0.497436, -0.014958, 0.265546, 0.268093]
  [-0.193121, -0.497433, -0.014957, 0.265579, 0.26878]
  [-0.193048, -0.497434, -0.014958, 0.265523, 0.268478]
  [-0.19314, -0.497433, -0.014957, 0.26549, 0.26796]
  [-0.193067, -0.497435, -0.014958, 0.26554, 0.268799]
  [-0.192954, -0.497433, -0.014958, 0.265545, 0.267862]
  [-0.192945, -0.497436, -0.014958, 0.265545, 0.268086]
  [-0.193023, -0.497435, -0.014957, 0.265443, 0.26876]
  [-0.193096, -0.497432, -0.014957, 0.265515, 0.268279]
  [-0.192947, -0.497433, -0.014958, 0.265446, 0.268189]
  [-0.192997, -0.497435, -0.014958, 0.265567, 0.268727]
  [-0.193007, -0.497434, -0.014957, 0.265471, 0.268367]
  [-0.193061, -0.497433, -0.014957, 0.26549, 0.268115]
  [-0.193098, -0.497436, -0.014959, 0.265514, 0.268326]
  [-0.193019, -0.497432, -0.014959, 0.265504, 0.268575]
  [-0.1931, -0.497434, -0.014958, 0.265488, 0.26821]
  [-0.19295, -0.497435, -0.014957, 0.265499, 0.268268]
  [-0.19294, -0.497432, -0.014957, 0.265514, 0.268152]
  [-0.19304, -0.497434, -0.014957, 0.265544, 0.268313]
  [-0.192934, -0.497435, -0.014958, 0.265483, 0.268176]
  [-0.193015, -0.497434, -0.014958, 0.26555, 0.26879]
  [-0.193015, -0.497433, -0.014959, 0.265487, 0.268606]
  [-0.193075, -0.497436, -0.014958, 0.265501, 0.268189]
  [-0.192944, -0.497434, -0.014958, 0.265505, 0.26813]
  [-0.192939, -0.497432, -0.014958, 0.265534, 0.268557]
  [-0.192962, -0.497434, -0.014957, 0.265506, 0.268267]
  [-0.193125, -0.497435, -0.014958, 0.265494, 0.267805]
  [-0.192991, -0.497433, -0.014958, 0.265584, 0.267814]
  [-0.193135, -0.497434, -0.014958, 0.265459, 0.267812]
  [-0.193125, -0.497434, -0.014957, 0.265474, 0.268403]
  [-0.193047, -0.497432, -0.014958, 0.265448, 0.267889]
  [-0.192976, -0.497435, -0.014957, 0.265487, 0.267998]
  [-0.193117, -0.497436, -0.014959, 0.265576, 0.268579]
  [-0.192938, -0.497435, -0.014958, 0.265571, 0.268543]
  [-0.19299, -0.497433, -0.014958, 0.265504, 0.268261]
  [-0.193056, -0.497435, -0.014959, 0.265474, 0.268552]
  [-0.192948, -0.497435, -0.014959, 0.265522, 0.268465]
  [-0.193028, -0.497434, -0.014958, 0.265498, 0.268488]
  [-0.192948, -0.497433, -0.014957, 0.265528, 0.268248]
  [-0.192983, -0.497434, -0.014958, 0.265467, 0.267838]
  [-0.193002, -0.497432, -0.014959, 0.265526, 0.268026]
  [-0.192971, -0.497433, -0.014959, 0.265468, 0.267964]
  [-0.193093, -0.497435, -0.014959, 0.265559, 0.268353]
  [-0.193014, -0.497434, -0.014957, 0.265468, 0.268356]
  [-0.193041, -0.497432, -0.014958, 0.265563, 0.268266]
  [-0.193072, -0.497434, -0.014959, 0.265476, 0.267827]
  [-0.192941, -0.497436, -0.014957, 0.265521, 0.26823]
  [-0.193069, -0.497436, -0.014958, 0.265462, 0.268261]
  [-0.193134, -0.497436, -0.014958, 0.265542, 0.267791]
  [-0.192976, -0.497433, -0.014958, 0.265541, 0.268032]
  [-0.192939, -0.497434, -0.014958, 0.265475, 0.267814]
  [-0.192988, -0.497434, -0.014958, 0.265525, 0.268332]
  [-0.19294, -0.497432, -0.014958, 0.265534, 0.267849]
  [-0.193074, -0.497432, -0.014957, 0.265583, 0.267812]
  [-0.192967, -0.497432, -0.014958, 0.265439, 0.268063]
  [-0.193034, -0.497435, -0.014958, 0.26551, 0.267936]
  [-0.193043, -0.497434, -0.014958, 0.265493, 0.268119]
  [-0.193098, -0.497432, -0.014958, 0.265535, 0.268392]
  [-0.192968, -0.497433, -0.014958, 0.265574, 0.268151]
  [-0.193108, -0.497435, -0.014958, 0.265442, 0.268068]
  [-0.193013, -0.497434, -0.014959, 0.265486, 0.26827]
  [-0.19303, -0.497434, -0.014959, 0.265455, 0.268609]
  [-0.192981, -0.497433, -0.014958, 0.265443, 0.268156]
  [-0.193111, -0.497432, -0.014958, 0.265442, 0.268113]
  [-0.193085, -0.497434, -0.014958, 0.265504, 0.267757]
  [-0.193134, -0.497433, -0.014959, 0.265512, 0.268125]
  [-0.193052, -0.497434, -0.014958, 0.26546, 0.268611]
  [-0.193128, -0.497435, -0.014958, 0.265529, 0.268439]
  [-0.193002, -0.497436, -0.014958, 0.265554, 0.268207]
  [-0.193114, -0.497435, -0.014958, 0.265484, 0.267771]
  [-0.193102, -0.497433, -0.014958, 0.265582, 0.268786]
  [-0.192952, -0.497435, -0.014959, 0.265461, 0.268003]
  [-0.192951, -0.497433, -0.014957, 0.265528, 0.268325]
  [-0.193038, -0.497436, -0.014957, 0.265575, 0.267894]
  [-0.192949, -0.497435, -0.014958, 0.265441, 0.268528]
  [-0.193128, -0.497434, -0.014958, 0.265464, 0.268293]
  [-0.193122, -0.497435, -0.014958, 0.265526, 0.267852]
  [-0.192937, -0.497435, -0.014958, 0.265535, 0.267785]
  [-0.192942, -0.497433, -0.014958, 0.265551, 0.268659]
  [-0.193088, -0.497436, -0.014959, 0.265545, 0.268682]
  [-0.193115, -0.497436, -0.014958, 0.26545, 0.268094]
  [-0.193085, -0.497433, -0.014959, 0.265484, 0.268152]
  [-0.193112, -0.497435, -0.014958, 0.265504, 0.268377]
  [-0.192934, -0.497434, -0.014958, 0.265521, 0.267894]
  [-0.193038, -0.497435, -0.014958, 0.265529, 0.267756]
  [-0.19296, -0.497435, -0.014959, 0.265449, 0.268792]
  [-0.19308, -0.497434, -0.014959, 0.265473, 0.267906]
  [-0.193008, -0.497434, -0.014959, 0.26556, 0.2685]
  [-0.192965, -0.497435, -0.014957, 0.265562, 0.268774]
  [-0.193026, -0.497433, -0.014958, 0.265497, 0.268147]
  [-0.193108, -0.497435, -0.014959, 0.265491, 0.26784]
  [-0.193125, -0.497434, -0.014958, 0.265496, 0.267767]
  [-0.193033, -0.497435, -0.014959, 0.265471, 0.268057]
  [-0.192973, -0.497432, -0.014959, 0.265435, 0.268652]
  [-0.192978, -0.497432, -0.014958, 0.265547, 0.26825]
  [-0.193118, -0.497433, -0.014957, 0.265579, 0.268796]
  [-0.19312, -0.497433, -0.014957, 0.265579, 0.268771]
  [-0.193118, -0.497433, -0.014957, 0.265579, 0.268795]
  [-0.193119, -0.497433, -0.014957, 0.265579, 0.268778]
  [-0.193121, -0.497433, -0.014957, 0.265579, 0.268768]
  [-0.19312, -0.497433, -0.014957, 0.265579, 0.268794]
  [-0.193118, -0.497433, -0.014957, 0.265579, 0.268802]
  [-0.193118, -0.497433, -0.014957, 0.265579, 0.268784]
  [-0.193118, -0.497433, -0.014957, 0.265579, 0.268785]
  [-0.193121, -0.497433, -0.014957, 0.265579, 0.268788]
  [-0.193118, -0.497433, -0.014957, 0.265579, 0.268777]
  [-0.19312, -0.497433, -0.014957, 0.265579, 0.268775]
  [-0.19312, -0.497433, -0.014957, 0.265579, 0.268774]
  [-0.193121, -0.497433, -0.014957, 0.265579, 0.268782]
  [-0.19312, -0.497433, -0.014957, 0.265579, 0.268801]
  [-0.193119, -0.497433, -0.014957, 0.265579, 0.268776]
  [-0.193119, -0.497433, -0.014957, 0.265579, 0.268801]
  [-0.193118, -0.497433, -0.014957, 0.265579, 0.268787]
  [-0.193119, -0.497433, -0.014957, 0.265579, 0.268784]
  [-0.193121, -0.497433, -0.014957, 0.265579, 0.268773]
  [-0.193121, -0.497433, -0.014957, 0.265579, 0.268794]
  [-0.193119, -0.497433, -0.014957, 0.265579, 0.268797]
  [-0.19312, -0.497433, -0.014957, 0.265579, 0.2688]
  [-0.193119, -0.497433, -0.014957, 0.265579, 0.268769]
  [-0.19312, -0.497433, -0.014957, 0.265579, 0.268773]
  [-0.193118, -0.497433, -0.014957, 0.265579, 0.268798]
  [-0.193118, -0.497433, -0.014957, 0.265579, 0.268805]
  [-0.193119, -0.497433, -0.014957, 0.265579, 0.268793]
  [-0.193118, -0.497433, -0.014957, 0.265579, 0.268793]
  [-0.193119, -0.497433, -0.014957, 0.265579, 0.268791]
  [-0.193118, -0.497433, -0.014957, 0.265579, 0.268782]
  [-0.193119, -0.497433, -0.014957, 0.265579, 0.268777]
  [-0.193119, -0.497433, -0.014957, 0.265579, 0.26878]
  [-0.19312, -0.497433, -0.014957, 0.265579, 0.268792]
  [-0.193119, -0.497433, -0.014957, 0.265579, 0.268794]
  [-0.19312, -0.497433, -0.014957, 0.265579, 0.268778]
  [-0.193118, -0.497433, -0.014957, 0.265579, 0.268768]
  [-0.19312, -0.497433, -0.014957, 0.265579, 0.268789]
  [-0.193118, -0.497433, -0.014957, 0.265579, 0.26877]
  [-0.193121, -0.497433, -0.014957, 0.265579, 0.268769]
  [-0.19312, -0.497433, -0.014957, 0.265579, 0.268768]
  [-0.193119, -0.497433, -0.014957, 0.265579, 0.268792]
  [-0.193118, -0.497433, -0.014957, 0.265579, 0.268788]
  [-0.19312, -0.497433, -0.014957, 0.265579, 0.268802]
  [-0.193119, -0.497433, -0.014957, 0.265579, 0.268806]
  [-0.193118, -0.497433, -0.014957, 0.265579, 0.268797]
  [-0.193121, -0.497433, -0.014957, 0.265579, 0.268803]
  [-0.193119, -0.497433, -0.014957, 0.265579, 0.268789]
  [-0.19312, -0.497433, -0.014957, 0.265579, 0.268784]
  [-0.193118, -0.497433, -0.014957, 0.265579, 0.268781]
  [-0.19312, -0.497433, -0.014957, 0.265579, 0.268791]
  [-0.193119, -0.497433, -0.014957, 0.265579, 0.268805]
  [-0.193121, -0.497433, -0.014957, 0.265579, 0.268807]
  [-0.193118, -0.497433, -0.014957, 0.265579, 0.268804]
  [-0.19312, -0.497433, -0.014957, 0.265579, 0.268806]
  [-0.193118, -0.497433, -0.014957, 0.265579, 0.26879]
  [-0.193119, -0.497433, -0.014957, 0.265579, 0.268787]
  [-0.193121, -0.497433, -0.014957, 0.265579, 0.268797]
  [-0.19312, -0.497433, -0.014957, 0.265579, 0.268777]
  [-0.193119, -0.497433, -0.014957, 0.265579, 0.268782]
  [-0.193121, -0.497433, -0.014957, 0.265579, 0.268791]
  [-0.193118, -0.497433, -0.014957, 0.265579, 0.268779]
  [-0.193121, -0.497433, -0.014957, 0.265579, 0.268798]
  [-0.19312, -0.497433, -0.014957, 0.265579, 0.268772]
  [-0.193121, -0.497433, -0.014957, 0.265579, 0.268804]
  [-0.19312, -0.497433, -0.014957, 0.265579, 0.26879]
  [-0.193119, -0.497433, -0.014957, 0.265579, 0.268786]
  [-0.19312, -0.497433, -0.014957, 0.265579, 0.268779]
  [-0.193121, -0.497433, -0.014957, 0.265579, 0.268776]
  [-0.19312, -0.497433, -0.014957, 0.265579, 0.268807]
  [-0.19312, -0.497433, -0.014957, 0.265579, 0.26878]
  [-0.193119, -0.497433, -0.014957, 0.265579, 0.268774]
  [-0.193119, -0.497433, -0.014957, 0.265579, 0.268804]
  [-0.193121, -0.497433, -0.014957, 0.265579, 0.268806]
  [-0.193118, -0.497433, -0.014957, 0.265579, 0.268772]
  [-0.193119, -0.497433, -0.014957, 0.265579, 0.268795]
  [-0.193121, -0.497433, -0.014957, 0.265579, 0.268802]
  [-0.19312, -0.497433, -0.014957, 0.265579, 0.268785]
  [-0.193119, -0.497433, -0.014957, 0.265579, 0.268768]
  [-0.19312, -0.497433, -0.014957, 0.265579, 0.268799]
  [-0.193119, -0.497433, -0.014957, 0.265579, 0.268799]
  [-0.19312, -0.497433, -0.014957, 0.265579, 0.268787]
  [-0.19312, -0.497433, -0.014957, 0.265579, 0.268793]
  [-0.193118, -0.497433, -0.014957, 0.265579, 0.268775]
  [-0.193118, -0.497433, -0.014957, 0.265579, 0.268769]
  [-0.193119, -0.497433, -0.014957, 0.265579, 0.268772]
  [-0.193118, -0.497433, -0.014957, 0.265579, 0.268791]
  [-0.193119, -0.497433, -0.014957, 0.265579, 0.268779]
  [-0.193118, -0.497433, -0.014957, 0.265579, 0.268803]
  [-0.193121, -0.497433, -0.014957, 0.265579, 0.268792]
  [-0.193121, -0.497433, -0.014957, 0.265579, 0.268771]
  [-0.193121, -0.497433, -0.014957, 0.265579, 0.268787]
  [-0.193119, -0.497433, -0.014957, 0.265579, 0.268807]
  [-0.193118, -0.497433, -0.014957, 0.265579, 0.268776]
  [-0.19312, -0.497433, -0.014957, 0.265579, 0.268776]
  [-0.193121, -0.497433, -0.014957, 0.265579, 0.268789]
  [-0.193121, -0.497433, -0.014957, 0.265579, 0.26879]
  [-0.19312, -0.497433, -0.014957, 0.265579, 0.268786]
  [-0.193119, -0.497433, -0.014957, 0.265579, 0.26879]
  [-0.19312, -0.497433, -0.014957, 0.265579, 0.268797]
  [-0.193118, -0.497433, -0.014957, 0.265579, 0.268774]
  [-0.19312, -0.497433, -0.014957, 0.265579, 0.268798]
  [-0.19312, -0.497433, -0.014957, 0.265579, 0.268796]
  [-0.193121, -0.497433, -0.014957, 0.265579, 0.268796]
  [-0.193118, -0.497433, -0.014957, 0.265579, 0.268806]
  [-0.193118, -0.497433, -0.014957, 0.265579, 0.2688]
  [-0.19312, -0.497433, -0.014957, 0.265579, 0.268803]
  [-0.19312, -0.497433, -0.014957, 0.265579, 0.268795]
  [-0.193121, -0.497433, -0.014957, 0.265579, 0.268783]
  [-0.193119, -0.497433, -0.014957, 0.265579, 0.26877]
  [-0.193121, -0.497433, -0.014957, 0.265579, 0.268777]
  [-0.193119, -0.497433, -0.014957, 0.265579, 0.268802]
  [-0.193118, -0.497433, -0.014957, 0.265579, 0.268799]
  [-0.193119, -0.497433, -0.014957, 0.265579, 0.2688]
  [-0.193118, -0.497433, -0.014957, 0.265579, 0.268783]
  [-0.193121, -0.497433, -0.014957, 0.265579, 0.268801]
  [-0.193118, -0.497433, -0.014957, 0.265579, 0.268794]
  [-0.19312, -0.497433, -0.014957, 0.265579, 0.268804]
  [-0.193121, -0.497433, -0.014957, 0.265579, 0.268795]
  [-0.19312, -0.497433, -0.014957, 0.265579, 0.268769]
  [-0.193118, -0.497433, -0.014957, 0.265579, 0.268789]
  [-0.19312, -0.497433, -0.014957, 0.265579, 0.26877]
  [-0.193119, -0.497433, -0.014957, 0.265579, 0.268808]
  [-0.193119, -0.497433, -0.014957, 0.265579, 0.268796]
  [-0.19312, -0.497433, -0.014957, 0.265579, 0.268782]
  [-0.19312, -0.497433, -0.014957, 0.265579, 0.268788]
  [-0.193121, -0.497433, -0.014957, 0.265579, 0.268775]
  [-0.19312, -0.497433, -0.014957, 0.265579, 0.268808]
  [-0.193119, -0.497433, -0.014957, 0.265579, 0.268803]
  [-0.193121, -0.497433, -0.014957, 0.265579, 0.268786]
  [-0.193121, -0.497433, -0.014957, 0.265579, 0.268774]
  [-0.193121, -0.497433, -0.014957, 0.265579, 0.268785]
  [-0.193118, -0.497433, -0.014957, 0.265579, 0.268778]
  [-0.193118, -0.497433, -0.014957, 0.265579, 0.268792]
  [-0.193118, -0.497433, -0.014957, 0.265579, 0.268807]
  [-0.193119, -0.497433, -0.014957, 0.265579, 0.268773]
  [-0.193121, -0.497433, -0.014957, 0.265579, 0.268808]
