Status: violated
Adversarial inputs found:
  [-0.180609, -0.494778, -0.00349, 0.21394, 0.22763]
  [-0.180893, -0.494049, -0.003075, 0.215462, 0.22831]
  [-0.181603, -0.494044, -0.003445, 0.217283, 0.228224]
  [-0.181962, -0.494712, -0.003369, 0.214088, 0.232641]
  [-0.179903, -0.494649, -0.003071, 0.222755, 0.235297]
  [-0.181119, -0.494581, -0.00318, 0.21291, 0.230334]
  [-0.181054, -0.494054, -0.00318, 0.217443, 0.227731]
  [-0.180342, -0.494174, -0.003358, 0.210035, 0.229507]
  [-0.180341, -0.494882, -0.003319, 0.220163, 0.236645]
  [-0.181871, -0.494266, -0.003294, 0.219773, 0.232321]
  [-0.181692, -0.494709, -0.00332, 0.217524, 0.230338]
  [-0.181005, -0.495057, -0.003438, 0.218085, 0.232276]
  [-0.180723, -0.49388, -0.003464, 0.222354, 0.24115]
  [-0.182052, -0.493816, -0.003388, 0.213566, 0.232319]
  [-0.181567, -0.493928, -0.003151, 0.219668, 0.226153]
  [-0.181679, -0.493965, -0.003181, 0.212916, 0.231341]
  [-0.180344, -0.494302, -0.003205, 0.214383, 0.23291]
  [-0.181943, -0.494987, -0.003352, 0.220405, 0.234845]
  [-0.180064, -0.493856, -0.003177, 0.217339, 0.235282]
  [-0.18189, -0.493967, -0.003424, 0.21648, 0.226957]
  [-0.179978, -0.494669, -0.00343, 0.212542, 0.235617]
  [-0.18045, -0.494398, -0.003083, 0.214579, 0.234299]
  [-0.181027, -0.495032, -0.003226, 0.218171, 0.233435]
  [-0.181402, -0.494219, -0.003243, 0.222098, 0.233893]
  [-0.181146, -0.494093, -0.003199, 0.214134, 0.231473]
  [-0.181075, -0.495072, -0.003425, 0.22248, 0.241925]
  [-0.180653, -0.495068, -0.003426, 0.216409, 0.228902]
  [-0.181042, -0.493978, -0.003072, 0.213183, 0.22673]
  [-0.180387, -0.49442, -0.00345, 0.219095, 0.241521]
  [-0.182157, -0.494755, -0.003346, 0.222176, 0.230196]
  [-0.18106, -0.49423, -0.003126, 0.219019, 0.231608]
  [-0.179965, -0.494931, -0.003297, 0.213646, 0.234148]
  [-0.181083, -0.495018, -0.003436, 0.222194, 0.229741]
  [-0.180296, -0.495015, -0.003409, 0.222512, 0.241376]
  [-0.181355, -0.494629, -0.00307, 0.214603, 0.226322]
  [-0.180784, -0.494952, -0.003304, 0.220918, 0.240934]
  [-0.181724, -0.493802, -0.003486, 0.219703, 0.233907]
  [-0.181073, -0.494149, -0.003452, 0.219686, 0.226629]
  [-0.179848, -0.494878, -0.003515, 0.220966, 0.229005]
  [-0.18066, -0.494988, -0.003412, 0.211338, 0.226256]
  [-0.181721, -0.493848, -0.003241, 0.222055, 0.240236]
  [-0.17983, -0.494867, -0.003461, 0.214044, 0.232263]
  [-0.180033, -0.493918, -0.003311, 0.209782, 0.228007]
  [-0.181452, -0.494985, -0.003205, 0.210615, 0.230507]
  [-0.179892, -0.494026, -0.003119, 0.219924, 0.228864]
  [-0.181236, -0.494153, -0.003082, 0.220351, 0.236808]
  [-0.179818, -0.494641, -0.003538, 0.220672, 0.226862]
  [-0.180433, -0.494767, -0.003261, 0.219865, 0.239696]
  [-0.180043, -0.494332, -0.003206, 0.212188, 0.230982]
  [-0.181249, -0.494472, -0.003444, 0.216148, 0.230536]
  [-0.180015, -0.494904, -0.003425, 0.215677, 0.231089]
  [-0.17992, -0.494675, -0.0035, 0.213968, 0.231145]
  [-0.181855, -0.493799, -0.00307, 0.213841, 0.229214]
  [-0.181188, -0.494295, -0.003274, 0.211277, 0.231552]
  [-0.180338, -0.494938, -0.003518, 0.215357, 0.23074]
  [-0.180304, -0.493808, -0.003361, 0.212012, 0.226283]
  [-0.180838, -0.494403, -0.003077, 0.219305, 0.230706]
  [-0.180499, -0.494613, -0.003337, 0.219332, 0.226143]
  [-0.180167, -0.49425, -0.003078, 0.218399, 0.228101]
  [-0.180758, -0.495103, -0.003222, 0.210004, 0.228773]
  [-0.180408, -0.494408, -0.003411, 0.221042, 0.242633]
  [-0.17978, -0.494534, -0.003364, 0.210832, 0.234124]
  [-0.182167, -0.494215, -0.003128, 0.218202, 0.230063]
  [-0.181534, -0.494965, -0.003291, 0.214427, 0.232718]
  [-0.180415, -0.495051, -0.003249, 0.223021, 0.241444]
  [-0.18043, -0.495002, -0.003453, 0.22075, 0.228037]
  [-0.180052, -0.494947, -0.003204, 0.210722, 0.234327]
  [-0.18182, -0.495065, -0.003285, 0.219352, 0.240573]
  [-0.18127, -0.494807, -0.003281, 0.211829, 0.231228]
  [-0.181837, -0.493781, -0.003251, 0.212938, 0.228137]
  [-0.181793, -0.493922, -0.003093, 0.217058, 0.236149]
  [-0.1822, -0.49462, -0.003374, 0.22289, 0.232907]
  [-0.181822, -0.495117, -0.003285, 0.219405, 0.240598]
  [-0.181806, -0.495111, -0.003285, 0.219308, 0.240676]
  [-0.181817, -0.495106, -0.003285, 0.219364, 0.240613]
  [-0.181833, -0.495079, -0.003285, 0.219355, 0.240697]
  [-0.181821, -0.495102, -0.003285, 0.219312, 0.24064]
  [-0.181832, -0.495066, -0.003285, 0.219397, 0.240651]
  [-0.18181, -0.495087, -0.003285, 0.219279, 0.240696]
  [-0.181811, -0.495113, -0.003285, 0.219342, 0.240598]
  [-0.181804, -0.495108, -0.003285, 0.219381, 0.240659]
  [-0.181805, -0.495091, -0.003285, 0.219382, 0.240686]
  [-0.18182, -0.495099, -0.003285, 0.219339, 0.240606]
  [-0.181804, -0.495118, -0.003285, 0.219381, 0.240581]
  [-0.181827, -0.495068, -0.003285, 0.219374, 0.24058]
  [-0.181804, -0.49508, -0.003285, 0.21934, 0.240669]
  [-0.181815, -0.495069, -0.003285, 0.219341, 0.240594]
  [-0.181816, -0.495073, -0.003285, 0.219313, 0.240578]
  [-0.181825, -0.49508, -0.003285, 0.219338, 0.240672]
  [-0.181818, -0.495076, -0.003285, 0.219276, 0.240581]
  [-0.181819, -0.495066, -0.003285, 0.219303, 0.240684]
  [-0.181831, -0.495104, -0.003285, 0.219334, 0.240632]
  [-0.181812, -0.495092, -0.003285, 0.219289, 0.240662]
  [-0.181829, -0.495085, -0.003285, 0.219281, 0.24058]
  [-0.181823, -0.495066, -0.003285, 0.21931, 0.240608]
  [-0.181829, -0.495085, -0.003285, 0.219318, 0.240666]
  [-0.181819, -0.49508, -0.003285, 0.219322, 0.24062]
  [-0.181812, -0.495115, -0.003285, 0.219291, 0.240664]
  [-0.18181, -0.495078, -0.003285, 0.219369, 0.240637]
  [-0.181809, -0.495076, -0.003285, 0.219318, 0.240617]
  [-0.181825, -0.4951, -0.003285, 0.219367, 0.240618]
  [-0.181804, -0.495103, -0.003285, 0.219406, 0.240598]
  [-0.18181, -0.495104, -0.003285, 0.219349, 0.24064]
  [-0.181803, -0.495071, -0.003285, 0.219391, 0.240586]
  [-0.181825, -0.495112, -0.003285, 0.219292, 0.240698]
  [-0.181831, -0.495116, -0.003285, 0.219291, 0.240685]
  [-0.181825, -0.495083, -0.003285, 0.219381, 0.240665]
  [-0.181825, -0.495091, -0.003285, 0.219369, 0.240649]
  [-0.181808, -0.495108, -0.003285, 0.219387, 0.240591]
  [-0.181809, -0.495113, -0.003285, 0.219351, 0.240623]
  [-0.181813, -0.495096, -0.003285, 0.219383, 0.240577]
  [-0.181817, -0.495086, -0.003285, 0.219337, 0.240624]
  [-0.181828, -0.49511, -0.003285, 0.219317, 0.240636]
  [-0.181822, -0.495117, -0.003285, 0.219339, 0.24062]
  [-0.18183, -0.495062, -0.003285, 0.219284, 0.240696]
  [-0.181822, -0.495114, -0.003285, 0.219314, 0.240608]
  [-0.181806, -0.495118, -0.003285, 0.219322, 0.240665]
  [-0.181821, -0.495082, -0.003285, 0.219319, 0.240657]
  [-0.181808, -0.495086, -0.003285, 0.219288, 0.240675]
  [-0.181828, -0.49508, -0.003285, 0.219343, 0.240575]
  [-0.181809, -0.495102, -0.003285, 0.219345, 0.240571]
  [-0.181819, -0.495115, -0.003285, 0.219335, 0.240632]
  [-0.181808, -0.495104, -0.003285, 0.219344, 0.240636]
  [-0.181808, -0.495073, -0.003285, 0.219304, 0.240632]
  [-0.181806, -0.495077, -0.003285, 0.219391, 0.240577]
  [-0.181809, -0.49508, -0.003285, 0.219333, 0.24058]
  [-0.18182, -0.495073, -0.003285, 0.219347, 0.240663]
  [-0.181817, -0.495106, -0.003285, 0.219337, 0.240671]
  [-0.18183, -0.49512, -0.003285, 0.219408, 0.240607]
  [-0.181821, -0.495063, -0.003285, 0.219402, 0.240603]
  [-0.18182, -0.495102, -0.003285, 0.219396, 0.240574]
  [-0.181808, -0.495112, -0.003285, 0.219316, 0.240659]
  [-0.181812, -0.495078, -0.003285, 0.219331, 0.240574]
  [-0.181825, -0.495103, -0.003285, 0.219344, 0.240657]
  [-0.181815, -0.495086, -0.003285, 0.21932, 0.240654]
  [-0.18182, -0.495097, -0.003285, 0.219337, 0.240675]
  [-0.181829, -0.495073, -0.003285, 0.219328, 0.240646]
  [-0.181819, -0.495102, -0.003285, 0.219349, 0.240605]
  [-0.181832, -0.495074, -0.003285, 0.2193, 0.240598]
  [-0.181822, -0.495093, -0.003285, 0.219345, 0.240639]
  [-0.181829, -0.495068, -0.003285, 0.219407, 0.24063]
  [-0.181807, -0.495066, -0.003285, 0.21933, 0.240689]
  [-0.181815, -0.495095, -0.003285, 0.219384, 0.240612]
  [-0.181827, -0.495105, -0.003285, 0.219381, 0.240641]
  [-0.18181, -0.495085, -0.003285, 0.219313, 0.240651]
  [-0.181822, -0.495084, -0.003285, 0.219394, 0.240653]
  [-0.18181, -0.495093, -0.003285, 0.219385, 0.24058]
  [-0.18183, -0.495103, -0.003285, 0.219309, 0.240667]
  [-0.181808, -0.495079, -0.003285, 0.219331, 0.24061]
  [-0.181828, -0.495115, -0.003285, 0.219385, 0.240691]
  [-0.18182, -0.495076, -0.003285, 0.219353, 0.240619]
  [-0.181826, -0.495117, -0.003285, 0.219383, 0.240697]
  [-0.18181, -0.495062, -0.003285, 0.219408, 0.240621]
  [-0.181808, -0.495061, -0.003285, 0.219355, 0.240662]
  [-0.181804, -0.495085, -0.003285, 0.219382, 0.240678]
  [-0.181808, -0.495094, -0.003285, 0.219345, 0.240593]
  [-0.181827, -0.495098, -0.003285, 0.219317, 0.24067]
  [-0.181818, -0.495101, -0.003285, 0.219301, 0.240622]
  [-0.181812, -0.495115, -0.003285, 0.219327, 0.240658]
  [-0.181803, -0.495072, -0.003285, 0.219387, 0.240678]
  [-0.181822, -0.495089, -0.003285, 0.219352, 0.240628]
  [-0.181808, -0.495091, -0.003285, 0.219378, 0.240623]
  [-0.181829, -0.495066, -0.003285, 0.219309, 0.240617]
  [-0.181803, -0.49508, -0.003285, 0.219274, 0.240692]
  [-0.181822, -0.495116, -0.003285, 0.219346, 0.240623]
  [-0.181821, -0.495108, -0.003285, 0.219388, 0.240632]
  [-0.181818, -0.495112, -0.003285, 0.21928, 0.240665]
  [-0.181828, -0.495116, -0.003285, 0.219359, 0.240585]
  [-0.181816, -0.495066, -0.003285, 0.219323, 0.240674]
  [-0.181819, -0.49511, -0.003285, 0.219405, 0.240654]
  [-0.181829, -0.495064, -0.003285, 0.219346, 0.240653]
  [-0.18183, -0.495063, -0.003285, 0.219292, 0.240608]
  [-0.181825, -0.495086, -0.003285, 0.219316, 0.240649]
  [-0.181802, -0.495064, -0.003285, 0.219368, 0.240614]
  [-0.181814, -0.495097, -0.003285, 0.219351, 0.240581]
  [-0.181818, -0.495091, -0.003285, 0.219309, 0.240608]
  [-0.181808, -0.495099, -0.003285, 0.219351, 0.240685]
  [-0.181807, -0.495063, -0.003285, 0.219326, 0.240667]
  [-0.181831, -0.49507, -0.003285, 0.219277, 0.240595]
  [-0.181815, -0.495063, -0.003285, 0.219322, 0.240658]
  [-0.181818, -0.495081, -0.003285, 0.219383, 0.24062]
  [-0.18182, -0.495091, -0.003285, 0.219408, 0.240639]
  [-0.181821, -0.495108, -0.003285, 0.219298, 0.24058]
  [-0.181815, -0.495084, -0.003285, 0.219343, 0.240589]
  [-0.181806, -0.495099, -0.003285, 0.219385, 0.240646]
  [-0.181823, -0.495063, -0.003285, 0.219388, 0.240577]
  [-0.181819, -0.495067, -0.003285, 0.21935, 0.240582]
  [-0.181831, -0.495084, -0.003285, 0.219341, 0.240648]
  [-0.181821, -0.495098, -0.003285, 0.219343, 0.240665]
  [-0.181811, -0.495104, -0.003285, 0.2193, 0.240649]
  [-0.181804, -0.495112, -0.003285, 0.219388, 0.240574]
  [-0.181816, -0.495082, -0.003285, 0.219281, 0.240574]
  [-0.181803, -0.495066, -0.003285, 0.21935, 0.240635]
  [-0.181827, -0.495086, -0.003285, 0.219318, 0.240689]
  [-0.181832, -0.495075, -0.003285, 0.219314, 0.24061]
  [-0.181818, -0.495067, -0.003285, 0.219367, 0.240626]
  [-0.181826, -0.495104, -0.003285, 0.21933, 0.240578]
  [-0.181821, -0.49509, -0.003285, 0.219374, 0.240627]
  [-0.181814, -0.495086, -0.003285, 0.219397, 0.240633]
  [-0.181815, -0.495076, -0.003285, 0.219374, 0.240571]
  [-0.181827, -0.495112, -0.003285, 0.219321, 0.240632]
  [-0.18183, -0.495079, -0.003285, 0.219293, 0.240661]
  [-0.181811, -0.495068, -0.003285, 0.219395, 0.240628]
  [-0.181818, -0.495083, -0.003285, 0.219397, 0.240634]
  [-0.181824, -0.495117, -0.003285, 0.219357, 0.240679]
  [-0.181821, -0.495068, -0.003285, 0.219302, 0.240663]
  [-0.181824, -0.495111, -0.003285, 0.219399, 0.240665]
  [-0.181819, -0.495064, -0.003285, 0.219328, 0.240589]
  [-0.181822, -0.495088, -0.003285, 0.219301, 0.240593]
  [-0.181808, -0.495103, -0.003285, 0.219404, 0.24068]
  [-0.181805, -0.495075, -0.003285, 0.219391, 0.240674]
  [-0.181827, -0.495091, -0.003285, 0.219378, 0.240652]
  [-0.181829, -0.495076, -0.003285, 0.219325, 0.240618]
  [-0.181824, -0.495076, -0.003285, 0.219303, 0.240595]
  [-0.181819, -0.495109, -0.003285, 0.219367, 0.240631]
  [-0.181804, -0.495086, -0.003285, 0.219374, 0.240662]
  [-0.181812, -0.49507, -0.003285, 0.219382, 0.240604]
  [-0.181831, -0.495118, -0.003285, 0.219373, 0.240635]
  [-0.18183, -0.495086, -0.003285, 0.21938, 0.240676]
  [-0.181832, -0.495071, -0.003285, 0.21939, 0.240692]
  [-0.181819, -0.495102, -0.003285, 0.219294, 0.240585]
  [-0.181817, -0.495082, -0.003285, 0.219323, 0.240651]
  [-0.18183, -0.495119, -0.003285, 0.219409, 0.240607]
  [-0.18183, -0.495119, -0.003285, 0.219408, 0.240605]
  [-0.18183, -0.495122, -0.003285, 0.219408, 0.240606]
  [-0.18183, -0.49512, -0.003285, 0.219408, 0.240605]
  [-0.18183, -0.495121, -0.003285, 0.219409, 0.240605]
  [-0.18183, -0.495119, -0.003285, 0.219409, 0.240606]
  [-0.18183, -0.495121, -0.003285, 0.219408, 0.240606]
  [-0.18183, -0.49512, -0.003285, 0.21941, 0.240605]
  [-0.18183, -0.495119, -0.003285, 0.21941, 0.240606]
  [-0.18183, -0.495119, -0.003285, 0.21941, 0.240607]
  [-0.18183, -0.495121, -0.003285, 0.219409, 0.240606]
  [-0.18183, -0.49512, -0.003285, 0.219409, 0.240606]
  [-0.18183, -0.49512, -0.003285, 0.219409, 0.240607]
  [-0.18183, -0.495121, -0.003285, 0.219409, 0.240607]
  [-0.18183, -0.495122, -0.003285, 0.219408, 0.240605]
  [-0.18183, -0.495121, -0.003285, 0.219408, 0.240605]
  [-0.18183, -0.495122, -0.003285, 0.219408, 0.240607]
  [-0.18183, -0.495121, -0.003285, 0.21941, 0.240607]
  [-0.18183, -0.495122, -0.003285, 0.219409, 0.240606]
  [-0.18183, -0.495121, -0.003285, 0.21941, 0.240606]
  [-0.18183, -0.49512, -0.003285, 0.21941, 0.240606]
  [-0.18183, -0.495119, -0.003285, 0.219409, 0.240605]
  [-0.18183, -0.495121, -0.003285, 0.21941, 0.240605]
  [-0.18183, -0.49512, -0.003285, 0.219409, 0.240605]
  [-0.18183, -0.495122, -0.003285, 0.21941, 0.240606]
  [-0.18183, -0.495119, -0.003285, 0.21941, 0.240605]
  [-0.18183, -0.495122, -0.003285, 0.219409, 0.240607]
  [-0.18183, -0.49512, -0.003285, 0.21941, 0.240607]
  [-0.18183, -0.495121, -0.003285, 0.219408, 0.240607]
  [-0.18183, -0.49512, -0.003285, 0.219408, 0.240606]
  [-0.18183, -0.495119, -0.003285, 0.219408, 0.240606]
  [-0.18183, -0.495122, -0.003285, 0.219409, 0.240605]
  [-0.18183, -0.495122, -0.003285, 0.21941, 0.240607]
  [-0.18183, -0.495122, -0.003285, 0.21941, 0.240605]
  [-0.18183, -0.495119, -0.003285, 0.219408, 0.240607]
  [0.353348, -0.499277, -0.004509, -0.018705, 0.04337]
  [-0.122033, -0.490022, -0.007366, 0.167116, 0.193126]
