Status: violated
Adversarial inputs found:
  [-0.041964, -0.498296, -0.006124, 0.22859, 0.250439]
  [-0.174968, -0.495771, -0.001449, 0.247555, 0.265695]
  [-0.177455, -0.495713, -0.001555, 0.242098, 0.265584]
  [-0.17661, -0.49569, -0.001487, 0.247034, 0.265466]
  [-0.175832, -0.495768, -0.001581, 0.247946, 0.265676]
  [-0.176057, -0.49571, -0.001583, 0.246085, 0.265503]
  [-0.177104, -0.495674, -0.001489, 0.246606, 0.265747]
  [-0.175523, -0.495674, -0.001579, 0.245933, 0.2653]
  [-0.156303, -0.495499, 0.015528, 0.078575, 0.126556]
  [-0.143576, -0.495914, 0.000823, 0.210204, 0.219978]
