Status: violated
Adversarial inputs found:
  [-0.118676, -0.494912, 0.010922, 0.194922, 0.220272]
  [-0.118422, -0.4958, 0.011117, 0.188135, 0.216557]
  [-0.118675, -0.494997, 0.010745, 0.192253, 0.219558]
  [-0.113965, -0.49491, 0.010859, 0.192506, 0.216462]
  [-0.117867, -0.495548, 0.010758, 0.189391, 0.217614]
  [-0.117645, -0.494316, 0.010943, 0.191623, 0.21929]
  [-0.117293, -0.495698, 0.010864, 0.19009, 0.218598]
  [-0.116326, -0.494457, 0.010689, 0.193288, 0.217283]
  [-0.117561, -0.494582, 0.011423, 0.193498, 0.218852]
  [-0.116246, -0.494409, 0.010737, 0.192161, 0.218612]
  [-0.117875, -0.495083, 0.010786, 0.19479, 0.220561]
  [-0.116243, -0.494573, 0.011485, 0.189203, 0.218693]
  [-0.113043, -0.494296, 0.01106, 0.19464, 0.217969]
  [-0.115528, -0.494287, 0.011196, 0.186699, 0.218795]
  [-0.11791, -0.494906, 0.010627, 0.188506, 0.220309]
  [-0.117167, -0.495305, 0.011064, 0.187156, 0.220724]
  [-0.118124, -0.495005, 0.011032, 0.194724, 0.218776]
  [-0.115022, -0.494561, 0.011297, 0.193718, 0.21913]
  [-0.118383, -0.494515, 0.010906, 0.19307, 0.217706]
  [-0.116621, -0.49529, 0.011035, 0.188179, 0.217954]
  [-0.116857, -0.494925, 0.011285, 0.188801, 0.219561]
  [-0.114716, -0.494692, 0.011031, 0.187752, 0.218996]
  [-0.118562, -0.494815, 0.011, 0.189803, 0.216918]
  [-0.117243, -0.494484, 0.010901, 0.192525, 0.216371]
  [-0.117158, -0.495127, 0.011195, 0.189429, 0.218268]
  [-0.114657, -0.495045, 0.01069, 0.188449, 0.216232]
  [-0.118464, -0.494508, 0.01155, 0.19055, 0.218768]
  [-0.115016, -0.494547, 0.010666, 0.190187, 0.219751]
  [-0.118536, -0.49582, 0.010626, 0.189794, 0.219148]
  [-0.113151, -0.494757, 0.010636, 0.186398, 0.220201]
  [-0.11841, -0.494558, 0.011208, 0.187625, 0.220218]
  [-0.116271, -0.495157, 0.010894, 0.193336, 0.216261]
  [-0.11822, -0.495842, 0.010804, 0.187816, 0.21831]
  [-0.114912, -0.494462, 0.01129, 0.193743, 0.217912]
  [-0.116136, -0.494391, 0.01153, 0.192677, 0.216883]
  [-0.117178, -0.494968, 0.011256, 0.187485, 0.219186]
  [-0.117048, -0.495, 0.011228, 0.187923, 0.218045]
  [-0.115622, -0.494554, 0.010974, 0.193197, 0.21656]
  [-0.118548, -0.495124, 0.0112, 0.188516, 0.217397]
  [-0.117664, -0.495, 0.01071, 0.186518, 0.217134]
  [-0.118064, -0.494663, 0.011418, 0.191223, 0.217348]
  [-0.11713, -0.494854, 0.010792, 0.187388, 0.218675]
  [-0.115949, -0.49546, 0.010741, 0.190953, 0.219678]
  [-0.118676, -0.49483, 0.011482, 0.188343, 0.216041]
  [-0.11706, -0.494394, 0.011098, 0.190963, 0.216955]
  [-0.113518, -0.494884, 0.01065, 0.192803, 0.216468]
  [-0.114331, -0.494353, 0.010661, 0.188297, 0.219548]
  [-0.118589, -0.495087, 0.010829, 0.189035, 0.217618]
  [-0.116496, -0.494421, 0.011199, 0.191479, 0.217487]
  [-0.116606, -0.495072, 0.010793, 0.187064, 0.218641]
  [-0.117658, -0.494808, 0.01083, 0.193434, 0.217758]
  [-0.115595, -0.495106, 0.010783, 0.188451, 0.220293]
  [-0.114724, -0.49483, 0.01073, 0.189305, 0.21803]
  [-0.117739, -0.495743, 0.010722, 0.191, 0.220363]
  [-0.11736, -0.495036, 0.01136, 0.187911, 0.217093]
  [-0.117871, -0.495863, 0.011049, 0.192449, 0.216684]
  [-0.116851, -0.4951, 0.011274, 0.193223, 0.220376]
