Status: violated
Adversarial inputs found:
  [-0.158744, -0.473274, 0.000895, 0.304844, 0.30095]
  [-0.181028, -0.496672, -0.000174, 0.251254, 0.27297]
  [-0.180267, -0.496703, -0.000142, 0.25216, 0.272761]
  [-0.188908, -0.496553, -0.000121, 0.251662, 0.272912]
  [-0.183452, -0.496994, -0.000119, 0.252793, 0.273881]
  [-0.18632, -0.496818, -0.00011, 0.252741, 0.272955]
  [-0.184706, -0.496842, -0.000244, 0.252364, 0.273472]
  [-0.182512, -0.496663, -6.6e-05, 0.252346, 0.273765]
  [-0.18689, -0.496863, -0.000202, 0.251703, 0.272808]
  [-0.184105, -0.497051, -3.9e-05, 0.251738, 0.273893]
  [-0.181929, -0.496857, -8.5e-05, 0.250748, 0.273656]
  [-0.186771, -0.496662, -9.8e-05, 0.250569, 0.273461]
  [-0.183053, -0.497083, -0.000202, 0.25229, 0.272883]
  [-0.183595, -0.496744, -0.000244, 0.252588, 0.273399]
  [-0.188956, -0.497104, -0.000181, 0.252741, 0.274021]
  [-0.184799, -0.496942, -3e-05, 0.250521, 0.273535]
  [-0.18701, -0.496566, -0.000117, 0.251084, 0.273826]
  [-0.181683, -0.497012, -0.000198, 0.250679, 0.273808]
  [-0.041025, -0.488512, 0.002093, 0.268756, 0.286171]
  [-0.115463, -0.484949, -0.007004, 0.218682, 0.23529]
  [-0.188763, -0.499965, 0.001237, 0.213158, 0.226309]
