Status: violated
Adversarial inputs found:
  [-0.060245, -0.492735, -0.012437, 0.209142, 0.243959]
  [-0.074559, -0.497463, -0.008938, 0.334564, 0.343122]
  [-0.103215, -0.497186, -0.009608, 0.177047, 0.193047]
  [-0.048213, -0.495582, -0.002285, 0.248423, 0.280742]
  [-0.048291, -0.494716, -0.002348, 0.250868, 0.281146]
  [-0.047764, -0.495082, -0.002228, 0.250279, 0.283991]
  [-0.048417, -0.49485, -0.00234, 0.251926, 0.284449]
  [-0.049228, -0.495395, -0.001509, 0.251454, 0.279182]
  [-0.04702, -0.495562, -0.002358, 0.252077, 0.284886]
  [-0.048828, -0.494971, -0.002237, 0.251419, 0.284622]
  [-0.047156, -0.494727, -0.001934, 0.248955, 0.281752]
  [-0.04674, -0.494739, -0.001572, 0.25317, 0.281984]
  [-0.048876, -0.494795, -0.001807, 0.250101, 0.279954]
  [-0.046313, -0.494885, -0.002055, 0.250593, 0.280971]
  [-0.050566, -0.495336, -0.002344, 0.253202, 0.283281]
  [-0.049647, -0.494964, -0.00238, 0.252805, 0.285796]
  [-0.055566, -0.495655, -0.002036, 0.253381, 0.279469]
  [-0.056406, -0.494958, -0.002109, 0.25325, 0.279789]
  [-0.050764, -0.495189, -0.002403, 0.253102, 0.281426]
