Status: violated
Adversarial inputs found:
  [-0.142679, -0.494284, 0.010676, 0.141156, 0.162829]
  [-0.083908, -0.499865, -0.012275, 0.123686, 0.16586]
  [-0.084693, -0.499957, -0.012055, 0.12494, 0.16548]
  [-0.088231, -0.499803, -0.0122, 0.121783, 0.165078]
  [-0.083559, -0.499868, -0.012245, 0.123639, 0.168018]
  [-0.08338, -0.499872, -0.012114, 0.124547, 0.16681]
  [-0.084334, -0.49982, -0.012049, 0.12345, 0.165127]
  [-0.088079, -0.499935, -0.012179, 0.124336, 0.168604]
  [-0.092145, -0.499977, -0.012131, 0.122061, 0.1656]
  [-0.083492, -0.499867, -0.012076, 0.122479, 0.165327]
  [-0.089126, -0.499817, -0.012208, 0.121998, 0.165253]
  [-0.092872, -0.499886, -0.012147, 0.122937, 0.165501]
  [-0.087384, -0.499844, -0.012281, 0.124602, 0.166856]
  [-0.084918, -0.499834, -0.012129, 0.123021, 0.167193]
  [-0.090287, -0.499888, -0.012292, 0.124221, 0.166773]
  [-0.08416, -0.499912, -0.01203, 0.125114, 0.166589]
  [-0.087039, -0.499817, -0.01209, 0.124786, 0.167812]
  [-0.084201, -0.499947, -0.012381, 0.124946, 0.165103]
  [-0.086973, -0.499886, -0.012235, 0.12482, 0.165889]
  [-0.084932, -0.499889, -0.012335, 0.12461, 0.167952]
  [-0.092109, -0.499998, -0.012103, 0.124968, 0.167651]
  [-0.089743, -0.49981, -0.012266, 0.123058, 0.165937]
  [-0.097221, -0.499854, -0.012199, 0.124635, 0.16595]
  [-0.0854, -0.499873, -0.012214, 0.123976, 0.167828]
  [-0.085078, -0.499877, -0.012246, 0.124874, 0.165666]
  [-0.086151, -0.499861, -0.012293, 0.122322, 0.166553]
  [-0.086149, -0.499996, -0.012213, 0.122409, 0.166317]
  [-0.084379, -0.49982, -0.012295, 0.123434, 0.165825]
  [-0.084455, -0.499941, -0.01222, 0.12222, 0.165322]
  [-0.086843, -0.499964, -0.012205, 0.124592, 0.167548]
  [-0.095479, -0.499848, -0.01217, 0.124963, 0.165974]
  [-0.090704, -0.499964, -0.012244, 0.124007, 0.166906]
  [-0.08435, -0.499965, -0.012122, 0.123929, 0.166423]
  [-0.086235, -0.499874, -0.012084, 0.123131, 0.166897]
  [-0.08645, -0.499813, -0.01209, 0.123524, 0.166993]
  [-0.083567, -0.499941, -0.01227, 0.124563, 0.167118]
  [-0.090668, -0.49989, -0.012104, 0.123391, 0.165365]
  [-0.08517, -0.499993, -0.012133, 0.125135, 0.168071]
  [-0.086359, -0.499963, -0.012323, 0.125415, 0.16505]
  [-0.092972, -0.499938, -0.012071, 0.124452, 0.16711]
  [-0.093345, -0.499909, -0.012115, 0.125139, 0.165477]
  [-0.090236, -0.499991, -0.012211, 0.123955, 0.165729]
  [-0.087384, -0.499929, -0.012005, 0.122433, 0.166892]
  [-0.087106, -0.499985, -0.012054, 0.125441, 0.168289]
  [-0.084251, -0.499981, -0.012103, 0.125209, 0.167432]
  [-0.089689, -0.499909, -0.012021, 0.124686, 0.168745]
  [-0.090626, -0.499952, -0.012342, 0.122671, 0.166384]
  [-0.084666, -0.499804, -0.012354, 0.123241, 0.167453]
  [-0.091606, -0.499864, -0.012377, 0.125057, 0.165635]
  [-0.091386, -0.4999, -0.012172, 0.125607, 0.166858]
  [-0.089908, -0.499995, -0.012065, 0.124059, 0.165989]
  [-0.083702, -0.499875, -0.01226, 0.124717, 0.167443]
  [-0.091326, -0.499909, -0.012127, 0.123734, 0.165505]
  [-0.086536, -0.499891, -0.012123, 0.122901, 0.165866]
  [-0.084688, -0.499933, -0.012116, 0.123602, 0.168352]
  [-0.090657, -0.499932, -0.01223, 0.125175, 0.165267]
  [-0.08405, -0.499909, -0.012047, 0.124346, 0.165651]
  [-0.091109, -0.499992, -0.012038, 0.124306, 0.168161]
  [-0.095208, -0.499885, -0.012154, 0.124111, 0.165214]
  [-0.083227, -0.499814, -0.012086, 0.125482, 0.168558]
  [-0.090868, -0.499916, -0.012287, 0.125506, 0.165721]
  [-0.086204, -0.499855, -0.012366, 0.123851, 0.165779]
  [-0.097717, -0.499862, -0.012302, 0.1254, 0.166123]
  [-0.088341, -0.499913, -0.012209, 0.122706, 0.166066]
  [-0.093912, -0.49994, -0.012091, 0.124757, 0.167582]
  [-0.086847, -0.499877, -0.012352, 0.124214, 0.168426]
  [-0.097413, -0.499917, -0.012111, 0.123871, 0.166527]
  [-0.085713, -0.499849, -0.012377, 0.123851, 0.168457]
  [-0.093252, -0.499941, -0.012247, 0.125637, 0.167557]
  [-0.087101, -0.499906, -0.01209, 0.122611, 0.166743]
  [-0.084455, -0.499809, -0.012372, 0.125355, 0.165818]
  [-0.092709, -0.499802, -0.012292, 0.124941, 0.167799]
  [-0.088277, -0.499902, -0.012101, 0.124526, 0.167022]
  [-0.08528, -0.499808, -0.012194, 0.124866, 0.168317]
  [-0.095956, -0.499972, -0.012135, 0.123585, 0.166043]
  [-0.092109, -0.499999, -0.012103, 0.124959, 0.167628]
  [-0.092094, -0.499998, -0.012102, 0.12497, 0.167634]
  [-0.092042, -0.499999, -0.012105, 0.124977, 0.167628]
  [-0.092045, -0.499998, -0.012097, 0.124961, 0.167632]
  [-0.092117, -0.499999, -0.012108, 0.124957, 0.167629]
  [-0.092033, -0.499998, -0.012108, 0.124966, 0.167626]
  [-0.092034, -0.5, -0.012108, 0.124969, 0.167646]
  [-0.092067, -0.499999, -0.012096, 0.124954, 0.167646]
  [-0.092081, -0.499998, -0.012101, 0.124977, 0.167634]
  [-0.092064, -0.499999, -0.0121, 0.124964, 0.167622]
  [-0.092121, -0.5, -0.012096, 0.12497, 0.167634]
  [-0.0921, -0.499999, -0.012103, 0.124972, 0.167651]
  [-0.092126, -0.5, -0.012104, 0.124957, 0.167639]
  [-0.09204, -0.5, -0.012105, 0.124964, 0.167623]
  [-0.092042, -0.5, -0.012109, 0.124951, 0.167638]
  [-0.092112, -0.499999, -0.0121, 0.124957, 0.167622]
  [-0.09204, -0.499999, -0.0121, 0.124952, 0.16765]
  [-0.092106, -0.499999, -0.012104, 0.124956, 0.167628]
  [-0.092027, -0.499999, -0.012101, 0.124977, 0.167642]
  [-0.092109, -0.499999, -0.012099, 0.124965, 0.167645]
  [-0.092032, -0.5, -0.012099, 0.124965, 0.167632]
  [-0.092031, -0.5, -0.012099, 0.124964, 0.167619]
  [-0.092118, -0.499999, -0.012104, 0.124978, 0.167627]
  [-0.092074, -0.499999, -0.012097, 0.124952, 0.16764]
  [-0.092117, -0.499999, -0.012102, 0.124964, 0.167649]
  [-0.092101, -0.499998, -0.012102, 0.124974, 0.167648]
  [-0.092075, -0.499998, -0.012099, 0.124955, 0.167641]
  [-0.092081, -0.499998, -0.012108, 0.124973, 0.16764]
  [-0.092102, -0.499999, -0.012097, 0.124978, 0.167625]
  [-0.092123, -0.499998, -0.012107, 0.124977, 0.167639]
  [-0.092048, -0.499998, -0.0121, 0.124964, 0.167632]
  [-0.092127, -0.499999, -0.012105, 0.124977, 0.167624]
  [-0.092062, -0.5, -0.012107, 0.124949, 0.167632]
  [-0.092119, -0.499999, -0.012101, 0.124977, 0.16763]
  [-0.092065, -0.499999, -0.012101, 0.12495, 0.167635]
  [-0.092085, -0.499998, -0.012104, 0.124973, 0.16763]
  [-0.092078, -0.499999, -0.012104, 0.124967, 0.167652]
  [-0.092127, -0.499998, -0.012102, 0.124954, 0.167649]
  [-0.092027, -0.5, -0.012105, 0.124976, 0.167626]
  [-0.092048, -0.5, -0.012108, 0.124963, 0.167648]
  [-0.092104, -0.5, -0.012109, 0.124952, 0.167644]
  [-0.092112, -0.499999, -0.012108, 0.124956, 0.167652]
  [-0.092032, -0.5, -0.012109, 0.124967, 0.167653]
  [-0.092091, -0.499999, -0.012105, 0.124978, 0.167632]
  [-0.092037, -0.499999, -0.0121, 0.124969, 0.167636]
  [-0.092047, -0.5, -0.012096, 0.124961, 0.167635]
  [-0.092108, -0.499999, -0.012103, 0.12497, 0.167634]
  [-0.092047, -0.499998, -0.012109, 0.124965, 0.167641]
  [-0.092101, -0.499999, -0.012101, 0.124961, 0.167623]
  [-0.092101, -0.5, -0.012097, 0.124954, 0.167652]
  [-0.092043, -0.499999, -0.012101, 0.124952, 0.16762]
  [-0.092028, -0.499998, -0.012103, 0.124974, 0.167653]
  [-0.092119, -0.499999, -0.012109, 0.124973, 0.16763]
  [-0.092125, -0.499999, -0.012108, 0.124969, 0.167622]
  [-0.092031, -0.5, -0.012102, 0.124959, 0.167625]
  [-0.092118, -0.499999, -0.012104, 0.12496, 0.167645]
  [-0.092106, -0.499999, -0.012098, 0.124968, 0.167653]
  [-0.0921, -0.499999, -0.012098, 0.124963, 0.16765]
  [-0.092104, -0.499998, -0.012105, 0.124961, 0.167654]
  [-0.092104, -0.499999, -0.012105, 0.124977, 0.167639]
  [-0.092074, -0.499999, -0.012098, 0.124974, 0.167643]
  [-0.092023, -0.499999, -0.012103, 0.124965, 0.167631]
  [-0.092033, -0.499999, -0.012096, 0.124961, 0.167634]
  [-0.092033, -0.5, -0.012096, 0.124969, 0.167645]
  [-0.092123, -0.499999, -0.012099, 0.124969, 0.167637]
  [-0.092078, -0.5, -0.012102, 0.124977, 0.167649]
  [-0.09211, -0.499999, -0.0121, 0.124971, 0.167635]
  [-0.092081, -0.499998, -0.012109, 0.124957, 0.167619]
  [-0.092075, -0.499999, -0.012097, 0.124971, 0.167623]
  [-0.092079, -0.499998, -0.012098, 0.124956, 0.167634]
  [-0.092058, -0.499998, -0.012102, 0.12495, 0.167623]
  [-0.092037, -0.5, -0.0121, 0.124971, 0.167634]
  [-0.092041, -0.499998, -0.012104, 0.124965, 0.167652]
  [-0.092125, -0.499999, -0.012103, 0.124954, 0.167632]
  [-0.092064, -0.499999, -0.012109, 0.124972, 0.167632]
  [-0.092051, -0.5, -0.012105, 0.124973, 0.167623]
  [-0.092122, -0.499999, -0.012103, 0.124964, 0.167641]
  [-0.092108, -0.499999, -0.0121, 0.124971, 0.167643]
  [-0.092121, -0.499999, -0.012106, 0.124957, 0.167637]
  [-0.092099, -0.499999, -0.012104, 0.124978, 0.16763]
  [-0.092071, -0.5, -0.012101, 0.12496, 0.167641]
  [-0.092077, -0.499998, -0.012097, 0.12497, 0.167642]
  [-0.092101, -0.499999, -0.012101, 0.124971, 0.167642]
  [-0.092095, -0.499999, -0.012099, 0.124962, 0.167635]
  [-0.092119, -0.499998, -0.012105, 0.124956, 0.167629]
  [-0.092026, -0.5, -0.012108, 0.124956, 0.167654]
  [-0.092127, -0.499999, -0.012107, 0.124951, 0.167648]
  [-0.092028, -0.5, -0.012097, 0.124978, 0.167643]
  [-0.092124, -0.499998, -0.012098, 0.124959, 0.167632]
  [-0.092078, -0.499999, -0.012097, 0.124964, 0.167625]
  [-0.092128, -0.499998, -0.012098, 0.124962, 0.167641]
  [-0.092118, -0.5, -0.012103, 0.124968, 0.167641]
  [-0.09206, -0.499999, -0.012101, 0.124964, 0.167641]
  [-0.092126, -0.499999, -0.012108, 0.124974, 0.167653]
  [-0.092052, -0.499998, -0.012102, 0.124954, 0.167647]
  [-0.092104, -0.5, -0.0121, 0.124967, 0.16762]
  [-0.092046, -0.499998, -0.0121, 0.124975, 0.167652]
  [-0.09208, -0.499999, -0.012099, 0.124951, 0.167636]
  [-0.092052, -0.499999, -0.012106, 0.12496, 0.167649]
  [-0.092057, -0.499998, -0.0121, 0.124954, 0.167623]
  [-0.092084, -0.499999, -0.012101, 0.124972, 0.16762]
  [-0.092106, -0.499998, -0.012101, 0.124956, 0.16763]
  [-0.092125, -0.5, -0.012105, 0.124974, 0.167648]
  [-0.092116, -0.499999, -0.012103, 0.12497, 0.167636]
  [-0.092079, -0.5, -0.012097, 0.124974, 0.167625]
  [-0.092098, -0.499999, -0.012097, 0.124953, 0.16765]
  [-0.092043, -0.499999, -0.012106, 0.124977, 0.167632]
  [-0.092101, -0.499999, -0.012098, 0.124974, 0.167633]
  [-0.092107, -0.499998, -0.012101, 0.124963, 0.167628]
  [-0.092108, -0.499998, -0.0121, 0.124956, 0.16764]
  [-0.092074, -0.499999, -0.012101, 0.124961, 0.167629]
  [-0.092023, -0.499999, -0.012104, 0.124958, 0.167648]
  [-0.092036, -0.5, -0.012105, 0.124967, 0.167632]
  [-0.092112, -0.499999, -0.012097, 0.12497, 0.167639]
  [-0.092075, -0.499999, -0.012106, 0.124956, 0.167632]
  [-0.09205, -0.5, -0.012101, 0.12497, 0.167646]
  [-0.09209, -0.5, -0.012096, 0.124972, 0.167619]
  [-0.092122, -0.499999, -0.012098, 0.124949, 0.167654]
  [-0.092089, -0.499999, -0.0121, 0.124975, 0.167638]
  [-0.092071, -0.5, -0.012102, 0.124952, 0.167629]
  [-0.092083, -0.499999, -0.012105, 0.12495, 0.167627]
  [-0.092102, -0.499998, -0.012097, 0.124955, 0.16765]
  [-0.092056, -0.499998, -0.012106, 0.124952, 0.16765]
  [-0.09213, -0.5, -0.012108, 0.124956, 0.167651]
  [-0.092082, -0.499999, -0.012101, 0.124974, 0.167643]
  [-0.092082, -0.499999, -0.012106, 0.124967, 0.167634]
  [-0.092122, -0.499998, -0.012104, 0.124971, 0.167623]
  [-0.092107, -0.499999, -0.012102, 0.124966, 0.167653]
  [-0.09206, -0.5, -0.012108, 0.124972, 0.167645]
  [-0.0921, -0.499999, -0.012106, 0.124958, 0.167649]
  [-0.092023, -0.499999, -0.012103, 0.124953, 0.167623]
  [-0.092029, -0.499999, -0.012108, 0.124958, 0.167627]
  [-0.09204, -0.499999, -0.0121, 0.124972, 0.167652]
  [-0.092116, -0.5, -0.0121, 0.124951, 0.167647]
  [-0.092079, -0.499999, -0.012099, 0.124951, 0.167643]
  [-0.092096, -0.499998, -0.012105, 0.12496, 0.167636]
  [-0.092125, -0.499999, -0.012103, 0.124955, 0.16764]
  [-0.09213, -0.499999, -0.012101, 0.124951, 0.167637]
  [-0.092061, -0.499999, -0.012099, 0.124974, 0.167642]
  [-0.092046, -0.499998, -0.012107, 0.124965, 0.167647]
  [-0.092075, -0.499999, -0.012103, 0.12497, 0.167625]
  [-0.092124, -0.499999, -0.012106, 0.12496, 0.16763]
  [-0.092046, -0.499998, -0.012108, 0.124969, 0.167623]
  [-0.092062, -0.499999, -0.012104, 0.124977, 0.167635]
  [-0.09211, -0.5, -0.012098, 0.124977, 0.167627]
  [-0.092082, -0.499999, -0.012098, 0.124956, 0.167625]
  [-0.092038, -0.499998, -0.012108, 0.12495, 0.167649]
  [-0.092108, -0.5, -0.0121, 0.124967, 0.167637]
  [-0.092042, -0.499999, -0.012104, 0.124962, 0.167635]
  [-0.092074, -0.499998, -0.012099, 0.124953, 0.16765]
  [-0.09209, -0.5, -0.012096, 0.124973, 0.167619]
  [-0.092091, -0.499999, -0.012096, 0.124973, 0.167619]
  [-0.09209, -0.499999, -0.012096, 0.124972, 0.167619]
  [-0.092091, -0.5, -0.012096, 0.124972, 0.167619]
  [-0.092091, -0.499999, -0.012096, 0.124972, 0.167619]
  [-0.092091, -0.5, -0.012096, 0.124973, 0.167619]
  [-0.09209, -0.499999, -0.012096, 0.124973, 0.167619]
