Status: violated
Adversarial inputs found:
  [-0.0631, -0.49097, 0.001468, 0.237714, 0.254693]
  [-0.057606, -0.492626, 0.001472, 0.238554, 0.258295]
  [-0.060466, -0.492283, 0.001329, 0.238061, 0.255207]
  [-0.059519, -0.490592, 0.001469, 0.236967, 0.257514]
  [-0.059496, -0.49254, 0.001574, 0.238249, 0.251185]
  [-0.058604, -0.491679, 0.00127, 0.236374, 0.257167]
  [-0.062872, -0.492318, 0.001399, 0.236057, 0.251913]
  [-0.061877, -0.492194, 0.001242, 0.237649, 0.252106]
  [-0.059772, -0.491958, 0.00154, 0.238775, 0.253682]
  [-0.060988, -0.490566, 0.001282, 0.237028, 0.253126]
  [-0.058844, -0.493259, 0.001468, 0.238204, 0.251772]
  [-0.063156, -0.492604, 0.001507, 0.238237, 0.253147]
  [-0.061402, -0.491784, 0.001299, 0.23946, 0.26]
  [-0.057703, -0.490846, 0.001338, 0.236305, 0.253142]
  [-0.058503, -0.492647, 0.001295, 0.238583, 0.251433]
  [-0.062813, -0.490951, 0.001565, 0.237229, 0.255235]
  [-0.060321, -0.490845, 0.001469, 0.237945, 0.252864]
  [-0.058117, -0.491529, 0.00151, 0.237688, 0.25461]
  [-0.061324, -0.493317, 0.001257, 0.237761, 0.256791]
  [-0.057701, -0.492606, 0.001438, 0.236076, 0.251732]
  [-0.058919, -0.492438, 0.001244, 0.237052, 0.254749]
  [-0.058848, -0.492587, 0.001483, 0.236801, 0.251151]
  [-0.05801, -0.492183, 0.001393, 0.236855, 0.251891]
  [-0.062068, -0.492551, 0.001272, 0.239268, 0.251105]
  [-0.060055, -0.492572, 0.001512, 0.238219, 0.254924]
  [-0.062732, -0.492262, 0.001237, 0.238394, 0.254118]
  [-0.063017, -0.491384, 0.001255, 0.238751, 0.253353]
  [-0.059408, -0.491171, 0.001416, 0.238087, 0.256017]
  [-0.057997, -0.491949, 0.001265, 0.238391, 0.258851]
  [-0.061321, -0.490768, 0.001576, 0.237332, 0.253976]
  [-0.062936, -0.492471, 0.001443, 0.238225, 0.252225]
  [-0.058831, -0.490563, 0.001479, 0.236533, 0.253037]
  [-0.06213, -0.491285, 0.001386, 0.23601, 0.255927]
  [-0.058029, -0.492144, 0.001487, 0.23882, 0.250929]
  [-0.05848, -0.491152, 0.001242, 0.235824, 0.259595]
  [-0.057953, -0.491812, 0.001445, 0.23783, 0.257748]
  [-0.059658, -0.492808, 0.00127, 0.236357, 0.252307]
  [-0.058111, -0.490808, 0.001499, 0.236815, 0.256681]
  [-0.057541, -0.492865, 0.001331, 0.238963, 0.253435]
  [-0.060202, -0.493375, 0.001303, 0.238736, 0.251064]
  [-0.062466, -0.491098, 0.001269, 0.237641, 0.253274]
  [-0.058423, -0.491079, 0.001476, 0.237401, 0.258688]
  [-0.06062, -0.490516, 0.001397, 0.235786, 0.257864]
  [-0.063123, -0.492169, 0.001322, 0.237003, 0.255137]
  [-0.062956, -0.492291, 0.001325, 0.238427, 0.25724]
  [-0.062072, -0.491026, 0.001432, 0.237416, 0.256438]
  [-0.060754, -0.491195, 0.001492, 0.237678, 0.255527]
  [-0.058805, -0.492691, 0.001322, 0.237555, 0.253771]
  [-0.061448, -0.490343, 0.001285, 0.237822, 0.260923]
  [-0.060244, -0.492259, 0.001279, 0.236591, 0.252024]
  [-0.061329, -0.49256, 0.001495, 0.237882, 0.255914]
  [-0.057528, -0.490368, 0.001402, 0.237215, 0.25943]
  [-0.058057, -0.490358, 0.001565, 0.236032, 0.253679]
  [-0.061917, -0.492331, 0.001357, 0.235801, 0.255439]
  [-0.057827, -0.492218, 0.001271, 0.239001, 0.258972]
  [-0.059897, -0.493415, 0.001337, 0.239122, 0.254707]
  [-0.059989, -0.493529, 0.001454, 0.237327, 0.254403]
  [-0.061121, -0.492629, 0.001357, 0.23922, 0.256041]
  [-0.058106, -0.492704, 0.001285, 0.236145, 0.25492]
  [-0.057402, -0.491201, 0.001436, 0.239451, 0.252027]
  [-0.061561, -0.491603, 0.001279, 0.239371, 0.25582]
  [-0.062026, -0.492146, 0.001307, 0.2362, 0.255735]
  [-0.058661, -0.49098, 0.001508, 0.238893, 0.251694]
  [-0.057927, -0.490847, 0.00134, 0.238577, 0.252315]
  [-0.059166, -0.492713, 0.001477, 0.239415, 0.25263]
  [-0.060685, -0.490452, 0.001283, 0.236097, 0.259637]
  [-0.058934, -0.492477, 0.001417, 0.238544, 0.25271]
  [-0.059332, -0.493166, 0.001304, 0.238194, 0.254496]
  [-0.060725, -0.490662, 0.001342, 0.239413, 0.255283]
  [-0.061445, -0.49325, 0.001376, 0.237119, 0.254681]
  [-0.0613, -0.491783, 0.001276, 0.23621, 0.251067]
  [-0.05978, -0.492262, 0.001311, 0.236284, 0.256288]
  [-0.063003, -0.491635, 0.001421, 0.238833, 0.258992]
  [-0.060547, -0.490621, 0.001498, 0.236923, 0.257003]
  [-0.061755, -0.491519, 0.001499, 0.237493, 0.255485]
  [-0.059048, -0.491745, 0.001523, 0.235793, 0.253797]
  [-0.063022, -0.490637, 0.001562, 0.237361, 0.253542]
  [-0.059063, -0.491734, 0.001497, 0.238544, 0.252606]
  [-0.058067, -0.492195, 0.001313, 0.239192, 0.257766]
  [-0.059918, -0.492187, 0.001301, 0.236868, 0.253968]
  [-0.059762, -0.491933, 0.001521, 0.238787, 0.251164]
  [-0.061578, -0.492985, 0.001413, 0.237892, 0.253083]
  [-0.059254, -0.490502, 0.001521, 0.239285, 0.260233]
  [-0.057599, -0.491391, 0.001453, 0.239283, 0.254999]
  [-0.062249, -0.492148, 0.001524, 0.238648, 0.251555]
  [-0.060979, -0.491198, 0.00145, 0.239108, 0.25424]
  [-0.058791, -0.491879, 0.001385, 0.235896, 0.254323]
  [-0.05994, -0.491339, 0.001314, 0.239074, 0.252799]
  [-0.059262, -0.493318, 0.001312, 0.238233, 0.253774]
  [-0.061805, -0.492591, 0.001388, 0.237048, 0.255395]
  [-0.060347, -0.493338, 0.001346, 0.236179, 0.254528]
  [-0.060056, -0.493485, 0.001417, 0.239208, 0.253136]
  [-0.059744, -0.493277, 0.001571, 0.238753, 0.254261]
  [-0.060528, -0.492258, 0.001384, 0.236136, 0.25624]
  [-0.062633, -0.492098, 0.001267, 0.237117, 0.251903]
  [-0.062118, -0.492116, 0.001431, 0.238871, 0.251425]
  [-0.059282, -0.491582, 0.001415, 0.236346, 0.256749]
  [-0.057794, -0.491609, 0.00151, 0.236296, 0.253343]
  [-0.059706, -0.491344, 0.001313, 0.239381, 0.251938]
  [-0.057426, -0.493362, 0.001384, 0.235793, 0.252561]
  [-0.059596, -0.490483, 0.001494, 0.238876, 0.251568]
  [-0.057888, -0.491364, 0.001322, 0.237078, 0.251642]
  [-0.058708, -0.49199, 0.001483, 0.23805, 0.25836]
  [-0.057593, -0.493038, 0.001295, 0.236187, 0.252665]
  [-0.061752, -0.49145, 0.001315, 0.239161, 0.260551]
  [-0.062426, -0.491139, 0.001413, 0.236475, 0.252586]
  [-0.061572, -0.490493, 0.001537, 0.238337, 0.255349]
  [-0.083435, -0.486178, -0.007677, 0.279172, 0.30936]
  [-0.141289, -0.498573, 0.006094, 0.157712, 0.227462]
