Status: violated
Adversarial inputs found:
  [-0.047124, -0.499402, -0.001257, 0.179447, 0.210625]
  [-0.183467, -0.495701, 0.004759, 0.213808, 0.251699]
  [-0.182256, -0.4956, 0.004817, 0.213898, 0.251652]
  [-0.182411, -0.494822, 0.004849, 0.214075, 0.251699]
  [-0.182195, -0.49523, 0.004847, 0.213868, 0.251526]
  [-0.181818, -0.494919, 0.004836, 0.214136, 0.251696]
  [-0.18182, -0.49474, 0.004814, 0.213782, 0.251456]
  [0.360258, -0.497888, -0.001442, -0.035603, 0.035437]
  [-0.098127, -0.49538, -0.006745, 0.269691, 0.290543]
  [-0.106374, -0.495363, -0.006732, 0.269574, 0.289107]
  [-0.098925, -0.493793, -0.006701, 0.2703, 0.289903]
  [-0.096185, -0.495674, -0.006747, 0.270602, 0.289166]
  [-0.097071, -0.495147, -0.006712, 0.270431, 0.291781]
  [-0.106511, -0.494578, -0.006737, 0.270544, 0.290031]
  [-0.107987, -0.494106, -0.006707, 0.270033, 0.286542]
  [-0.094817, -0.494876, -0.006742, 0.270427, 0.288878]
  [-0.085015, -0.495413, -0.00672, 0.26961, 0.291549]
  [-0.095175, -0.494029, -0.006757, 0.269662, 0.290347]
  [-0.097904, -0.494364, -0.006706, 0.269739, 0.289283]
  [-0.106415, -0.494216, -0.006734, 0.269611, 0.287652]
  [-0.093512, -0.495111, -0.006756, 0.27015, 0.28776]
  [-0.090458, -0.494276, -0.006748, 0.269537, 0.28665]
  [-0.092202, -0.493789, -0.006704, 0.269585, 0.286572]
  [-0.096826, -0.494398, -0.006724, 0.27002, 0.289992]
  [-0.088502, -0.495298, -0.00673, 0.269841, 0.287551]
  [-0.109783, -0.494006, -0.006734, 0.27054, 0.289252]
  [-0.107377, -0.49558, -0.006716, 0.269551, 0.286792]
  [-0.090395, -0.493465, -0.006719, 0.270678, 0.291501]
  [-0.098477, -0.494046, -0.006732, 0.269577, 0.290061]
  [-0.093633, -0.494813, -0.006714, 0.269651, 0.286477]
  [-0.109007, -0.494308, -0.00674, 0.270168, 0.291496]
  [-0.103658, -0.495434, -0.006737, 0.269531, 0.287233]
  [-0.091354, -0.494714, -0.006737, 0.269678, 0.291972]
  [-0.103178, -0.494643, -0.00672, 0.270629, 0.29117]
  [-0.089299, -0.494745, -0.006753, 0.269638, 0.29185]
  [-0.099258, -0.493927, -0.006752, 0.269975, 0.287639]
  [-0.100342, -0.494345, -0.006726, 0.269672, 0.287782]
  [-0.08653, -0.494741, -0.0067, 0.269648, 0.28717]
  [-0.095423, -0.494563, -0.006749, 0.270093, 0.291278]
  [-0.097639, -0.495361, -0.006715, 0.270628, 0.291957]
  [-0.088099, -0.495483, -0.006713, 0.270277, 0.290008]
  [-0.09223, -0.494285, -0.006702, 0.269969, 0.290843]
  [-0.108903, -0.495462, -0.006724, 0.269677, 0.289289]
  [-0.098531, -0.495413, -0.006743, 0.269779, 0.28928]
  [-0.105224, -0.493392, -0.006708, 0.270346, 0.288824]
  [-0.111607, -0.493705, -0.006732, 0.269555, 0.291624]
  [-0.084639, -0.495385, -0.006709, 0.270312, 0.289605]
  [-0.107063, -0.495335, -0.006747, 0.270185, 0.286639]
  [-0.112073, -0.495051, -0.006716, 0.27054, 0.287213]
  [-0.086119, -0.493365, -0.006703, 0.270227, 0.290275]
  [-0.086901, -0.495262, -0.00673, 0.26968, 0.290192]
  [-0.091315, -0.494263, -0.00673, 0.270228, 0.287718]
  [-0.102095, -0.493752, -0.006739, 0.269871, 0.291424]
  [-0.084784, -0.495566, -0.006718, 0.270242, 0.288191]
  [-0.109306, -0.495125, -0.006701, 0.269876, 0.287882]
  [-0.090683, -0.494165, -0.006732, 0.270044, 0.291344]
  [-0.101042, -0.495111, -0.006731, 0.270644, 0.286742]
  [-0.111498, -0.494695, -0.006752, 0.27002, 0.290264]
  [-0.109473, -0.494219, -0.006755, 0.270074, 0.289079]
  [-0.105317, -0.494033, -0.006746, 0.269559, 0.290352]
  [-0.103895, -0.49479, -0.006747, 0.269858, 0.289142]
  [-0.110516, -0.494829, -0.006734, 0.269988, 0.292016]
  [-0.086474, -0.493475, -0.006742, 0.269809, 0.286461]
  [-0.099991, -0.494425, -0.00673, 0.269725, 0.288826]
  [-0.107795, -0.493999, -0.006706, 0.270108, 0.287027]
  [-0.084938, -0.493882, -0.00671, 0.270574, 0.287555]
  [-0.112715, -0.495602, -0.006754, 0.270027, 0.29005]
  [-0.111078, -0.49351, -0.006754, 0.270229, 0.286533]
  [-0.089326, -0.49402, -0.00675, 0.270377, 0.288164]
  [-0.08938, -0.493935, -0.006757, 0.270107, 0.290667]
  [-0.097807, -0.494862, -0.006713, 0.270322, 0.291602]
  [-0.10677, -0.493396, -0.006753, 0.270717, 0.287863]
  [-0.093645, -0.49498, -0.00675, 0.269569, 0.289809]
  [-0.100787, -0.494776, -0.006724, 0.270339, 0.291296]
  [-0.105911, -0.494548, -0.006705, 0.269651, 0.28851]
  [-0.098252, -0.494583, -0.00673, 0.270145, 0.286891]
  [-0.090106, -0.493701, -0.006739, 0.270727, 0.28732]
  [-0.112907, -0.495199, -0.006731, 0.270592, 0.287244]
  [-0.092982, -0.495064, -0.006736, 0.26971, 0.289082]
  [-0.110503, -0.494924, -0.00672, 0.270171, 0.290424]
  [-0.085229, -0.494031, -0.006733, 0.269695, 0.288538]
  [-0.109248, -0.495615, -0.006751, 0.269947, 0.287991]
  [-0.093461, -0.495645, -0.006728, 0.270007, 0.290978]
  [-0.110144, -0.495443, -0.006734, 0.270447, 0.291284]
  [-0.093765, -0.49558, -0.006744, 0.269578, 0.28665]
  [-0.092519, -0.493669, -0.006707, 0.269615, 0.291321]
  [-0.09425, -0.493779, -0.006701, 0.270651, 0.290411]
  [-0.085557, -0.494513, -0.006738, 0.270775, 0.287796]
  [-0.086565, -0.495031, -0.006739, 0.26988, 0.289754]
  [-0.096853, -0.493336, -0.006732, 0.270577, 0.28991]
  [-0.106214, -0.495449, -0.00674, 0.270225, 0.291121]
  [-0.10161, -0.49354, -0.006758, 0.270344, 0.289417]
  [-0.108002, -0.493503, -0.006746, 0.269713, 0.291152]
  [-0.110861, -0.494503, -0.006745, 0.269923, 0.288014]
  [-0.094531, -0.49441, -0.006702, 0.270194, 0.289996]
  [-0.089295, -0.494046, -0.006727, 0.270266, 0.287015]
  [-0.104333, -0.49429, -0.006709, 0.270454, 0.289892]
  [-0.10873, -0.493912, -0.006739, 0.270418, 0.28723]
  [-0.090936, -0.494218, -0.006739, 0.270726, 0.289769]
  [-0.094562, -0.494354, -0.006707, 0.269821, 0.290478]
  [-0.089862, -0.493775, -0.006721, 0.270393, 0.291682]
  [-0.086681, -0.493407, -0.006745, 0.269675, 0.291849]
  [-0.096239, -0.495089, -0.006758, 0.26997, 0.291571]
  [-0.090403, -0.494289, -0.006747, 0.269561, 0.289162]
  [-0.086219, -0.494314, -0.006721, 0.270315, 0.287815]
  [-0.110643, -0.494891, -0.006707, 0.26961, 0.290331]
  [-0.107657, -0.494417, -0.006705, 0.269963, 0.287443]
  [-0.092632, -0.493786, -0.006712, 0.270097, 0.291849]
  [-0.087212, -0.49511, -0.006723, 0.26959, 0.291715]
  [-0.105501, -0.493644, -0.006715, 0.270063, 0.287923]
  [-0.106789, -0.493763, -0.006747, 0.269533, 0.288315]
  [-0.104403, -0.495375, -0.006738, 0.270437, 0.287683]
  [-0.101184, -0.49564, -0.006724, 0.269823, 0.291391]
  [-0.094983, -0.494718, -0.006703, 0.269543, 0.288125]
  [-0.094027, -0.494729, -0.006714, 0.269984, 0.286577]
  [-0.099047, -0.493845, -0.006747, 0.270326, 0.286674]
  [-0.09199, -0.494826, -0.006746, 0.26994, 0.290548]
  [-0.108636, -0.493671, -0.00674, 0.269766, 0.28691]
  [-0.086927, -0.495655, -0.006711, 0.269705, 0.286849]
  [-0.096582, -0.494739, -0.00672, 0.270554, 0.287578]
  [-0.085192, -0.493878, -0.006736, 0.270104, 0.289262]
  [-0.087647, -0.493938, -0.006736, 0.270013, 0.288038]
  [-0.113226, -0.493694, -0.006749, 0.270594, 0.289295]
  [-0.09611, -0.494865, -0.006715, 0.269576, 0.289009]
  [-0.107585, -0.494768, -0.006716, 0.270791, 0.288207]
  [-0.103768, -0.493414, -0.006727, 0.270084, 0.290073]
  [-0.094019, -0.494635, -0.006702, 0.270619, 0.289121]
  [-0.098301, -0.494091, -0.006711, 0.27048, 0.287825]
  [-0.088039, -0.495129, -0.006755, 0.27025, 0.288593]
  [-0.100018, -0.49546, -0.006724, 0.270156, 0.288227]
  [-0.094739, -0.494276, -0.006745, 0.270737, 0.287421]
  [-0.089198, -0.493293, -0.006756, 0.269772, 0.290043]
  [-0.104523, -0.494634, -0.006726, 0.269775, 0.291324]
  [-0.10985, -0.493532, -0.006746, 0.269879, 0.287745]
  [-0.094683, -0.494094, -0.006725, 0.270766, 0.291114]
  [-0.112063, -0.493981, -0.006757, 0.270436, 0.287355]
  [-0.111539, -0.495069, -0.006714, 0.2705, 0.289076]
  [-0.091957, -0.49407, -0.006708, 0.270499, 0.28753]
  [-0.09435, -0.494514, -0.006727, 0.270567, 0.287876]
  [-0.093326, -0.493568, -0.006754, 0.270312, 0.289156]
  [-0.090021, -0.493784, -0.006752, 0.269883, 0.287447]
  [-0.098982, -0.495299, -0.006732, 0.270376, 0.287119]
  [-0.109524, -0.495478, -0.00673, 0.270413, 0.28808]
  [-0.101108, -0.494315, -0.006721, 0.269963, 0.286848]
  [-0.088299, -0.495112, -0.006717, 0.270156, 0.288166]
  [-0.103118, -0.494975, -0.006705, 0.270144, 0.287797]
  [-0.105084, -0.493462, -0.006702, 0.269605, 0.288659]
  [-0.107787, -0.494711, -0.006721, 0.270367, 0.288288]
  [-0.111932, -0.493702, -0.006715, 0.270107, 0.287371]
  [-0.103745, -0.493833, -0.006756, 0.269896, 0.289479]
  [-0.096988, -0.493371, -0.006751, 0.270657, 0.291526]
  [-0.084595, -0.493288, -0.006749, 0.270679, 0.289675]
  [-0.089675, -0.494244, -0.006722, 0.27007, 0.291392]
  [-0.086451, -0.495632, -0.006755, 0.27003, 0.28877]
  [-0.106272, -0.494488, -0.006754, 0.270528, 0.288042]
  [-0.092131, -0.495641, -0.006743, 0.270756, 0.286895]
  [-0.08917, -0.49423, -0.006707, 0.269756, 0.291545]
  [-0.09955, -0.495131, -0.006752, 0.26979, 0.289576]
  [-0.110388, -0.495264, -0.006723, 0.269646, 0.289234]
  [-0.113385, -0.495608, -0.006755, 0.270026, 0.290131]
  [-0.112653, -0.495601, -0.006754, 0.270026, 0.290062]
  [-0.112741, -0.495607, -0.006754, 0.270029, 0.290132]
  [-0.112752, -0.495606, -0.006754, 0.270026, 0.290076]
  [-0.112746, -0.495602, -0.006755, 0.270027, 0.290069]
  [-0.11271, -0.495602, -0.006755, 0.270025, 0.290093]
  [-0.113332, -0.495605, -0.006754, 0.270025, 0.290094]
  [-0.112508, -0.495603, -0.006755, 0.270026, 0.290171]
  [-0.113305, -0.495608, -0.006755, 0.270025, 0.290141]
  [-0.112802, -0.495603, -0.006755, 0.270028, 0.290062]
  [-0.112748, -0.495605, -0.006754, 0.270028, 0.290088]
  [-0.112946, -0.495601, -0.006754, 0.270025, 0.290082]
  [-0.112741, -0.495606, -0.006754, 0.270028, 0.290137]
  [-0.113492, -0.495602, -0.006754, 0.270027, 0.290102]
  [-0.113053, -0.495601, -0.006754, 0.270025, 0.29011]
  [-0.112715, -0.495605, -0.006755, 0.270027, 0.290047]
  [-0.112638, -0.495607, -0.006754, 0.270025, 0.290075]
  [-0.112935, -0.495607, -0.006755, 0.270025, 0.29013]
  [-0.112914, -0.495607, -0.006754, 0.270028, 0.290174]
  [-0.112706, -0.495606, -0.006755, 0.270028, 0.290136]
  [-0.113406, -0.495607, -0.006755, 0.270028, 0.290085]
  [-0.113073, -0.495607, -0.006755, 0.270028, 0.290143]
  [-0.113345, -0.495605, -0.006754, 0.270027, 0.290152]
  [-0.113307, -0.495608, -0.006754, 0.270026, 0.290165]
  [-0.113315, -0.495606, -0.006754, 0.270028, 0.29006]
  [-0.113401, -0.495607, -0.006754, 0.270027, 0.290091]
  [-0.113229, -0.495602, -0.006754, 0.270028, 0.290102]
  [-0.113264, -0.495602, -0.006755, 0.270026, 0.290045]
  [-0.112965, -0.495603, -0.006755, 0.270025, 0.290123]
  [-0.113261, -0.495604, -0.006755, 0.270026, 0.290156]
  [-0.112861, -0.495606, -0.006755, 0.270028, 0.29012]
  [-0.112986, -0.495602, -0.006754, 0.270028, 0.290095]
  [-0.112716, -0.495608, -0.006754, 0.270026, 0.290159]
  [-0.113159, -0.495605, -0.006755, 0.270029, 0.290065]
  [-0.112662, -0.495605, -0.006755, 0.270025, 0.290095]
  [-0.11333, -0.495607, -0.006754, 0.270026, 0.290049]
  [-0.112969, -0.495607, -0.006754, 0.270027, 0.290186]
  [-0.11262, -0.495606, -0.006754, 0.270026, 0.290189]
  [-0.112565, -0.495602, -0.006755, 0.270027, 0.290103]
  [-0.113068, -0.495601, -0.006755, 0.270026, 0.290115]
  [-0.112755, -0.495602, -0.006755, 0.270025, 0.290171]
  [-0.112899, -0.495605, -0.006754, 0.270028, 0.290149]
  [-0.112517, -0.495603, -0.006754, 0.270029, 0.290042]
  [-0.112528, -0.495606, -0.006755, 0.270029, 0.290091]
  [-0.113203, -0.495607, -0.006755, 0.270025, 0.290089]
  [-0.112859, -0.495606, -0.006755, 0.270025, 0.290042]
  [-0.11285, -0.495604, -0.006755, 0.270026, 0.29008]
  [-0.112997, -0.495604, -0.006755, 0.270028, 0.290185]
  [-0.112966, -0.495608, -0.006754, 0.270028, 0.290094]
  [-0.11298, -0.495606, -0.006755, 0.270025, 0.290055]
  [-0.112977, -0.495603, -0.006755, 0.270025, 0.290177]
  [-0.113199, -0.495606, -0.006755, 0.270026, 0.290183]
  [-0.113161, -0.495605, -0.006755, 0.270026, 0.290124]
  [-0.113374, -0.495607, -0.006754, 0.270026, 0.290104]
  [-0.112532, -0.495601, -0.006754, 0.270029, 0.290138]
  [-0.113224, -0.495603, -0.006754, 0.270026, 0.290119]
  [-0.113173, -0.495601, -0.006754, 0.270028, 0.290169]
  [-0.113435, -0.495602, -0.006754, 0.270028, 0.290142]
  [-0.112664, -0.495605, -0.006755, 0.270028, 0.290104]
  [-0.112845, -0.495602, -0.006754, 0.270025, 0.290129]
  [-0.113352, -0.495606, -0.006755, 0.270026, 0.29008]
  [-0.112806, -0.495608, -0.006754, 0.270029, 0.290124]
  [-0.112523, -0.495608, -0.006754, 0.270025, 0.290131]
  [-0.11291, -0.495606, -0.006755, 0.270026, 0.290181]
  [-0.113066, -0.495606, -0.006754, 0.270028, 0.290123]
  [-0.113209, -0.495607, -0.006754, 0.270029, 0.29019]
  [-0.112614, -0.495604, -0.006755, 0.270027, 0.290161]
  [-0.112731, -0.495605, -0.006754, 0.270027, 0.290108]
  [-0.112926, -0.495604, -0.006755, 0.270028, 0.290048]
  [-0.113223, -0.495606, -0.006755, 0.270025, 0.290148]
  [-0.1128, -0.495607, -0.006754, 0.270028, 0.29005]
  [-0.112954, -0.495602, -0.006755, 0.270027, 0.29005]
  [-0.112725, -0.495602, -0.006754, 0.270027, 0.290089]
  [-0.11255, -0.495603, -0.006754, 0.270026, 0.290171]
  [-0.112547, -0.495603, -0.006755, 0.270029, 0.290157]
  [-0.113083, -0.495605, -0.006755, 0.270029, 0.29012]
  [-0.112918, -0.495604, -0.006754, 0.270029, 0.290121]
  [-0.113314, -0.495605, -0.006754, 0.270027, 0.290077]
  [-0.113181, -0.495601, -0.006755, 0.270027, 0.290191]
  [-0.11347, -0.495603, -0.006754, 0.270027, 0.290102]
  [-0.11273, -0.495602, -0.006754, 0.270025, 0.290095]
  [-0.112447, -0.495604, -0.006754, 0.270026, 0.290181]
  [-0.113376, -0.495607, -0.006754, 0.270027, 0.29014]
  [-0.113391, -0.495606, -0.006755, 0.270025, 0.290189]
  [-0.112798, -0.495604, -0.006754, 0.270025, 0.290111]
  [-0.11326, -0.495601, -0.006754, 0.270026, 0.290079]
  [-0.112741, -0.495604, -0.006754, 0.270028, 0.290169]
  [-0.1135, -0.495607, -0.006754, 0.270028, 0.290185]
  [-0.113167, -0.495605, -0.006755, 0.270027, 0.290113]
  [-0.112825, -0.495603, -0.006755, 0.270029, 0.290066]
  [-0.112899, -0.495603, -0.006755, 0.270026, 0.290134]
  [-0.113133, -0.495604, -0.006754, 0.270027, 0.290044]
  [-0.112673, -0.495606, -0.006754, 0.270028, 0.290062]
  [-0.11336, -0.495604, -0.006754, 0.270027, 0.290192]
  [-0.112886, -0.495603, -0.006755, 0.270027, 0.290105]
  [-0.112915, -0.495607, -0.006754, 0.270027, 0.290046]
  [-0.113025, -0.495601, -0.006755, 0.270027, 0.290152]
  [-0.113233, -0.495605, -0.006755, 0.270026, 0.290182]
  [-0.11297, -0.495603, -0.006755, 0.270026, 0.29009]
  [-0.11336, -0.495603, -0.006755, 0.270027, 0.290051]
  [-0.112569, -0.495602, -0.006755, 0.270028, 0.290157]
  [-0.113388, -0.495604, -0.006755, 0.270026, 0.290135]
  [-0.112791, -0.495604, -0.006755, 0.270029, 0.290064]
  [-0.112717, -0.495604, -0.006754, 0.270028, 0.290188]
  [-0.112759, -0.495605, -0.006754, 0.270026, 0.290182]
  [-0.11349, -0.495607, -0.006755, 0.270027, 0.290103]
  [-0.112459, -0.495601, -0.006755, 0.270027, 0.290144]
  [-0.113009, -0.495604, -0.006755, 0.270028, 0.290149]
  [-0.112481, -0.495604, -0.006754, 0.270025, 0.290043]
  [-0.113511, -0.495607, -0.006754, 0.270028, 0.290179]
  [-0.113157, -0.495601, -0.006755, 0.270029, 0.290076]
  [-0.112553, -0.495602, -0.006754, 0.270027, 0.290173]
  [-0.113225, -0.495608, -0.006754, 0.270029, 0.290163]
  [-0.112497, -0.495608, -0.006754, 0.270026, 0.29004]
  [-0.112499, -0.495603, -0.006754, 0.270029, 0.290052]
  [-0.112968, -0.495606, -0.006754, 0.270026, 0.290168]
  [-0.113395, -0.495601, -0.006754, 0.270029, 0.290172]
  [-0.112499, -0.495608, -0.006755, 0.270029, 0.290162]
  [-0.113444, -0.495607, -0.006754, 0.270028, 0.290046]
  [-0.113002, -0.495601, -0.006754, 0.270028, 0.29011]
  [-0.112829, -0.495602, -0.006755, 0.270026, 0.290121]
  [-0.113284, -0.495601, -0.006754, 0.270029, 0.290183]
  [-0.112598, -0.495602, -0.006755, 0.270025, 0.290162]
  [-0.112784, -0.495605, -0.006754, 0.270027, 0.290169]
  [-0.112575, -0.495602, -0.006755, 0.270026, 0.290164]
  [-0.113063, -0.495601, -0.006755, 0.270026, 0.290189]
  [-0.11267, -0.495608, -0.006755, 0.270027, 0.29016]
  [-0.112536, -0.495601, -0.006754, 0.270029, 0.2901]
  [-0.113179, -0.495603, -0.006754, 0.270029, 0.290185]
  [-0.112535, -0.495606, -0.006755, 0.270027, 0.290166]
  [-0.113162, -0.495606, -0.006755, 0.270026, 0.29008]
  [-0.11248, -0.495608, -0.006754, 0.270026, 0.290173]
  [-0.112731, -0.495605, -0.006755, 0.270026, 0.290077]
  [-0.113397, -0.495601, -0.006755, 0.270025, 0.290168]
  [-0.113076, -0.495603, -0.006754, 0.270025, 0.290058]
  [-0.113222, -0.495606, -0.006755, 0.270026, 0.290113]
  [-0.113459, -0.495606, -0.006754, 0.270029, 0.290122]
  [-0.113438, -0.495601, -0.006755, 0.270027, 0.290143]
  [-0.112669, -0.495603, -0.006755, 0.270029, 0.290104]
  [-0.113183, -0.495602, -0.006755, 0.270025, 0.290181]
  [-0.112526, -0.495604, -0.006754, 0.270025, 0.29014]
  [-0.112818, -0.495606, -0.006754, 0.270026, 0.290083]
  [-0.113477, -0.495607, -0.006754, 0.270028, 0.290148]
  [-0.112864, -0.495601, -0.006754, 0.270028, 0.290147]
  [-0.112893, -0.495607, -0.006754, 0.270026, 0.290062]
  [-0.113149, -0.495601, -0.006754, 0.270026, 0.290155]
  [-0.11309, -0.495606, -0.006755, 0.270029, 0.290064]
  [-0.112982, -0.495605, -0.006755, 0.270028, 0.290175]
  [-0.113037, -0.495606, -0.006755, 0.270025, 0.29014]
  [-0.113124, -0.495603, -0.006754, 0.270029, 0.290087]
  [-0.113513, -0.495607, -0.006754, 0.270028, 0.290179]
  [-0.113506, -0.495607, -0.006754, 0.270028, 0.29018]
  [-0.113509, -0.495607, -0.006754, 0.270028, 0.29018]
  [-0.113508, -0.495607, -0.006754, 0.270028, 0.290179]
  [-0.113507, -0.495607, -0.006754, 0.270028, 0.29018]
  [-0.113513, -0.495607, -0.006754, 0.270028, 0.29018]
  [-0.113503, -0.495607, -0.006754, 0.270028, 0.290179]
  [-0.113506, -0.495607, -0.006754, 0.270028, 0.290181]
  [-0.113514, -0.495607, -0.006754, 0.270028, 0.290181]
  [-0.113512, -0.495607, -0.006754, 0.270028, 0.29018]
  [-0.113505, -0.495607, -0.006754, 0.270028, 0.29018]
  [-0.113511, -0.495607, -0.006754, 0.270028, 0.29018]
  [-0.113508, -0.495607, -0.006754, 0.270028, 0.290181]
  [-0.113512, -0.495607, -0.006754, 0.270028, 0.290179]
  [-0.113503, -0.495607, -0.006754, 0.270028, 0.29018]
  [-0.113507, -0.495607, -0.006754, 0.270028, 0.290181]
  [-0.113516, -0.495607, -0.006754, 0.270028, 0.29018]
  [-0.113504, -0.495607, -0.006754, 0.270028, 0.29018]
  [-0.113512, -0.495607, -0.006754, 0.270028, 0.290181]
  [-0.113514, -0.495607, -0.006754, 0.270028, 0.290179]
  [-0.11351, -0.495607, -0.006754, 0.270028, 0.290181]
  [-0.11351, -0.495607, -0.006754, 0.270028, 0.29018]
  [-0.113504, -0.495607, -0.006754, 0.270028, 0.290181]
  [-0.113508, -0.495607, -0.006754, 0.270028, 0.29018]
  [-0.113509, -0.495607, -0.006754, 0.270028, 0.290179]
  [-0.113514, -0.495607, -0.006754, 0.270028, 0.29018]
  [-0.113515, -0.495607, -0.006754, 0.270028, 0.290179]
  [-0.113505, -0.495607, -0.006754, 0.270028, 0.290181]
  [-0.113516, -0.495607, -0.006754, 0.270028, 0.290179]
  [-0.113511, -0.495607, -0.006754, 0.270028, 0.290181]
  [-0.113513, -0.495607, -0.006754, 0.270028, 0.290181]
  [-0.113504, -0.495607, -0.006754, 0.270028, 0.290179]
  [-0.113515, -0.495607, -0.006754, 0.270028, 0.29018]
  [-0.113506, -0.495607, -0.006754, 0.270028, 0.290179]
  [-0.113516, -0.495607, -0.006754, 0.270028, 0.290181]
  [-0.113515, -0.495607, -0.006754, 0.270028, 0.290181]
  [-0.11351, -0.495607, -0.006754, 0.270028, 0.290179]
  [-0.113507, -0.495607, -0.006754, 0.270028, 0.290179]
  [-0.113509, -0.495607, -0.006754, 0.270028, 0.290181]
  [-0.113505, -0.495607, -0.006754, 0.270028, 0.290179]
  [-0.113503, -0.495607, -0.006754, 0.270028, 0.290181]
